   0.00000000      0.26372134685516357     
   30.0000000      0.26280939579010010     
   60.0000000      0.26248288154602051     
   90.0000000      0.26235461235046387     
   120.000000      0.26232826709747314     
   150.000000      0.26316127181053162     
   180.000000      0.26472952961921692     
   210.000000      0.26585748791694641     
   240.000000      0.26615914702415466     
   270.000000      0.26638180017471313     
   300.000000      0.26665663719177246     
   330.000000      0.26668339967727661     
   360.000000      0.26372134685516357     
   360.000000      0.22803708910942078     
   390.000000      0.22704079747200012     
   420.000000      0.22403419017791748     
   450.000000      0.22027762234210968     
   480.000000      0.21799865365028381     
   510.000000      0.21893548965454102     
   540.000000      0.22336667776107788     
   570.000000      0.22909851372241974     
   600.000000      0.23359517753124237     
   630.000000      0.23562277853488922     
   660.000000      0.23533256351947784     
   690.000000      0.23354324698448181     
   720.000000      0.22803708910942078     
   720.000000      0.21816508471965790     
   750.000000      0.21489928662776947     
   780.000000      0.20963618159294128     
   810.000000      0.20530658960342407     
   840.000000      0.20446042716503143     
   870.000000      0.20862706005573273     
   900.000000      0.21705354750156403     
   930.000000      0.22572538256645203     
   960.000000      0.22946317493915558     
   990.000000      0.22820146381855011     
   1020.00000      0.22437399625778198     
   1050.00000      0.22072148323059082     
   1080.00000      0.21816508471965790     
   1080.00000      0.21158169209957123     
   1110.00000      0.20858439803123474     
   1140.00000      0.20491504669189453     
   1170.00000      0.20324453711509705     
   1200.00000      0.20494937896728516     
   1230.00000      0.21090543270111084     
   1260.00000      0.22068400681018829     
   1290.00000      0.22871856391429901     
   1320.00000      0.22952906787395477     
   1350.00000      0.22480431199073792     
   1380.00000      0.21824316680431366     
   1410.00000      0.21311792731285095     
   1440.00000      0.21158169209957123     
