   0.00000000      0.26354441046714783     
   30.0000000      0.25851663947105408     
   60.0000000      0.25363281369209290     
   90.0000000      0.24977171421051025     
   120.000000      0.24890206754207611     
   150.000000      0.25213631987571716     
   180.000000      0.25897333025932312     
   210.000000      0.26687178015708923     
   240.000000      0.27320903539657593     
   270.000000      0.27617812156677246     
   300.000000      0.27480965852737427     
   330.000000      0.26980507373809814     
   360.000000      0.26354441046714783     
   360.000000      0.21628986299037933     
   390.000000      0.21399445831775665     
   420.000000      0.21088032424449921     
   450.000000      0.20930796861648560     
   480.000000      0.21105521917343140     
   510.000000      0.21634373068809509     
   540.000000      0.22450630366802216     
   570.000000      0.23214799165725708     
   600.000000      0.23541302978992462     
   630.000000      0.23371379077434540     
   660.000000      0.22873748838901520     
   690.000000      0.22239735722541809     
   720.000000      0.21628986299037933     
   720.000000      0.20520022511482239     
   750.000000      0.20362663269042969     
   780.000000      0.20235294103622437     
   810.000000      0.20259039103984833     
   840.000000      0.20497721433639526     
   870.000000      0.20993348956108093     
   900.000000      0.21801313757896423     
   930.000000      0.22378098964691162     
   960.000000      0.22272609174251556     
   990.000000      0.21703177690505981     
   1020.00000      0.21061311662197113     
   1050.00000      0.20584991574287415     
   1080.00000      0.20520022511482239     
   1080.00000      0.20518954098224640     
   1110.00000      0.20626243948936462     
   1140.00000      0.20656649768352509     
   1170.00000      0.20641805231571198     
   1200.00000      0.20627319812774658     
   1230.00000      0.20901224017143250     
   1260.00000      0.21490417420864105     
   1290.00000      0.21801529824733734     
   1320.00000      0.21552705764770508     
   1350.00000      0.20990179479122162     
   1380.00000      0.20512989163398743     
   1410.00000      0.20375886559486389     
   1440.00000      0.20518954098224640     
