   0.00000000       67.607020652325218     
   30.0000000       69.983527392253791     
   60.0000000       71.129486960385790     
   90.0000000       69.320889188605577     
   120.000000       64.325919543716125     
   150.000000       57.262814730481928     
   180.000000       50.365874766256837     
   210.000000       46.694947332064864     
   240.000000       47.914380229316301     
   270.000000       52.977677375597416     
   300.000000       59.449873249109487     
   330.000000       65.192703504903449     
   360.000000       67.607020652325218     
   360.000000       88.693202438273588     
   390.000000       92.708425682716012     
   420.000000       92.729684867162447     
   450.000000       88.405231248788638     
   480.000000       81.979440798539017     
   510.000000       75.588028265362510     
   540.000000       70.837812975012682     
   570.000000       69.245265412921398     
   600.000000       71.566284584751330     
   630.000000       77.131863067447185     
   660.000000       84.247798989970107     
   690.000000       90.800834114814521     
   720.000000       88.693202438273588     
   720.000000       95.490576558724484     
   750.000000       95.226892254079573     
   780.000000       91.511860409904912     
   810.000000       85.810472624126746     
   840.000000       79.873760886248448     
   870.000000       74.964954421401401     
   900.000000       72.077585601677967     
   930.000000       72.289649579831391     
   960.000000       75.952322809044034     
   990.000000       81.996398259571308     
   1020.00000       88.390404090696251     
   1050.00000       93.048909884512199     
   1080.00000       95.490576558724484     
   1080.00000       93.182173310248515     
   1110.00000       91.438905235943679     
   1140.00000       87.330799126578285     
   1170.00000       82.508159669380277     
   1200.00000       78.233324508911551     
   1230.00000       75.238643292465156     
   1260.00000       74.094188999537508     
   1290.00000       75.535724906202560     
   1320.00000       79.594254901123037     
   1350.00000       84.911165262152608     
   1380.00000       89.412492890241651     
   1410.00000       91.557368107295474     
   1440.00000       93.182173310248515     
