   0.00000000       58.900629059091948     
   30.0000000       60.152535729271435     
   60.0000000       61.468899200271281     
   90.0000000       62.912787063434777     
   120.000000       63.629446039186625     
   150.000000       62.170690743617612     
   180.000000       58.938862079821227     
   210.000000       56.671491677754368     
   240.000000       56.839428913365310     
   270.000000       58.132463033380404     
   300.000000       58.678110472659263     
   330.000000       57.865249841530535     
   360.000000       58.900629059091948     
   360.000000       154.29063638598390     
   390.000000       157.65710957070110     
   420.000000       163.75497758572300     
   450.000000       171.42372159216535     
   480.000000       177.79661016486918     
   510.000000       179.83635760223933     
   540.000000       176.51471352524152     
   570.000000       170.36874377104854     
   600.000000       164.54676713586224     
   630.000000       160.27907865268983     
   660.000000       158.02346170400108     
   690.000000       157.96510151157887     
   720.000000       154.29063638598390     
   720.000000       216.08875311182982     
   750.000000       221.26375597497460     
   780.000000       229.79195629530574     
   810.000000       238.41370390719985     
   840.000000       242.64196149203204     
   870.000000       239.77771880054948     
   900.000000       230.12808777736953     
   930.000000       218.58603720716889     
   960.000000       210.66226870226961     
   990.000000       207.81801897019807     
   1020.00000       209.00770338128825     
   1050.00000       212.48528930362653     
   1080.00000       216.08875311182982     
   1080.00000       248.77349358149689     
   1110.00000       254.82144334970417     
   1140.00000       263.01940616648756     
   1170.00000       268.71252191317274     
   1200.00000       268.28245929111534     
   1230.00000       261.13414782538462     
   1260.00000       248.60826608140772     
   1290.00000       236.49413477940672     
   1320.00000       231.13077235228607     
   1350.00000       232.66354200361886     
   1380.00000       238.03073538974019     
   1410.00000       244.37475708088394     
   1440.00000       248.77349358149689     
