   0.00000000       66.037891937590970     
   15.0000000       66.242523393427064     
   30.0000000       66.436632454887402     
   45.0000000       66.530004763525682     
   60.0000000       66.367130010700279     
   75.0000000       65.805878354169977     
   90.0000000       64.839966652532027     
   105.000000       63.499510245799570     
   120.000000       61.732514059521392     
   135.000000       59.694478291622872     
   150.000000       57.482352853008798     
   165.000000       55.292452582385621     
   180.000000       53.424322735093156     
   195.000000       52.158308709551356     
   210.000000       51.741265095336665     
   225.000000       52.249841304522043     
   240.000000       53.568155622444245     
   255.000000       55.465866016256214     
   270.000000       57.638339593286723     
   285.000000       59.836650869564565     
   300.000000       61.875646892617176     
   315.000000       63.559501892336293     
   330.000000       64.879384001377517     
   345.000000       65.783681098205278     
   360.000000       66.037891937590970     
