   0.00000000       65.027433174840539     
   15.0000000       65.047048886270460     
   30.0000000       65.076385662100876     
   45.0000000       65.052462074812354     
   60.0000000       64.829045792163114     
   75.0000000       64.354642788159722     
   90.0000000       63.610079259817439     
   105.000000       62.576000477671663     
   120.000000       61.231862623641526     
   135.000000       59.704445229981879     
   150.000000       58.055166649223942     
   165.000000       56.451538022293960     
   180.000000       55.126376031504101     
   195.000000       54.300910525940132     
   210.000000       54.160277877110552     
   225.000000       54.738950341233689     
   240.000000       55.926590209395457     
   255.000000       57.506474539125598     
   270.000000       59.227655173037355     
   285.000000       60.930249394231133     
   300.000000       62.429961452150437     
   315.000000       63.619735049076994     
   330.000000       64.482583783558553     
   345.000000       64.982134840873229     
   360.000000       65.027433174840539     
