   0.00000000      0.28452584147453308     
   15.0000000      0.28305986523628235     
   30.0000000      0.28186768293380737     
   45.0000000      0.28086867928504944     
   60.0000000      0.27989673614501953     
   75.0000000      0.27921867370605469     
   90.0000000      0.27871334552764893     
   105.000000      0.27840355038642883     
   120.000000      0.27832430601119995     
   135.000000      0.27850329875946045     
   150.000000      0.27913406491279602     
   165.000000      0.28015109896659851     
   180.000000      0.28136059641838074     
   195.000000      0.28249731659889221     
   210.000000      0.28342822194099426     
   225.000000      0.28413096070289612     
   240.000000      0.28466600179672241     
   255.000000      0.28533002734184265     
   270.000000      0.28587180376052856     
   285.000000      0.28633406758308411     
   300.000000      0.28666836023330688     
   315.000000      0.28680527210235596     
   330.000000      0.28668987751007080     
   345.000000      0.28628480434417725     
   360.000000      0.28452584147453308     
