   0.00000000      0.26695972681045532     
   15.0000000      0.26314428448677063     
   30.0000000      0.25980928540229797     
   45.0000000      0.25707653164863586     
   60.0000000      0.25512716174125671     
   75.0000000      0.25413110852241516     
   90.0000000      0.25434517860412598     
   105.000000      0.25584924221038818     
   120.000000      0.25891104340553284     
   135.000000      0.26337438821792603     
   150.000000      0.26879227161407471     
   165.000000      0.27497467398643494     
   180.000000      0.28135362267494202     
   195.000000      0.28725096583366394     
   210.000000      0.29238054156303406     
   225.000000      0.29609194397926331     
   240.000000      0.29808530211448669     
   255.000000      0.29820340871810913     
   270.000000      0.29640373587608337     
   285.000000      0.29286175966262817     
   300.000000      0.28804653882980347     
   315.000000      0.28255686163902283     
   330.000000      0.27666303515434265     
   345.000000      0.27111092209815979     
   360.000000      0.26695972681045532     
