   0.00000000       89.376366967161090     
   30.0000000       92.955047762683193     
   60.0000000       92.908501805708525     
   90.0000000       90.366765523603760     
   120.000000       87.989786655276532     
   150.000000       87.697372707201083     
   180.000000       89.282259085229484     
   210.000000       90.243535443280933     
   240.000000       88.538943007233399     
   270.000000       85.005820956505843     
   300.000000       82.578397299725793     
   330.000000       83.957231787926645     
   360.000000       89.376366967161090     
   360.000000       29.599055887353860     
   390.000000       34.105103915814794     
   420.000000       36.171092632713240     
   450.000000       36.171523189508370     
   480.000000       35.180414148795691     
   510.000000       34.140613267943962     
   540.000000       33.325445095793420     
   570.000000       32.052555222508204     
   600.000000       30.078132636741149     
   630.000000       28.144977102927534     
   660.000000       27.546903346348060     
   690.000000       28.949705173497705     
   720.000000       29.599055887353860     
   720.000000       27.737496896547317     
   750.000000       30.621464563708397     
   780.000000       31.762158740579153     
   810.000000       31.108842474005403     
   840.000000       29.514407664005574     
   870.000000       27.941962146019378     
   900.000000       26.479052182269751     
   930.000000       24.805797852206997     
   960.000000       22.760763234371360     
   990.000000       21.430546349719808     
   1020.00000       21.867687174071648     
   1050.00000       24.493238507216667     
   1080.00000       27.737496896547317     
   1080.00000       30.003605074674894     
   1110.00000       33.032875681344827     
   1140.00000       33.608164463447942     
   1170.00000       31.938741399183183     
   1200.00000       29.242648081370266     
   1230.00000       26.668069132156869     
   1260.00000       24.727737350907862     
   1290.00000       23.086311559848578     
   1320.00000       21.698727274390773     
   1350.00000       21.377280201986505     
   1380.00000       22.955422731139812     
   1410.00000       26.426564064447760     
   1440.00000       30.003605074674894     
