   0.00000000       88.926258013570262     
   30.0000000       94.933420058637211     
   60.0000000       97.147576723206541     
   90.0000000       95.325472561626270     
   120.000000       91.291441627132897     
   150.000000       87.486113603939259     
   180.000000       84.495651347084660     
   210.000000       81.622735244810599     
   240.000000       78.108689450686654     
   270.000000       75.333054500267039     
   300.000000       76.081078195044398     
   330.000000       81.516833965686743     
   360.000000       88.926258013570262     
   360.000000       22.762465065995752     
   390.000000       27.532335394224880     
   420.000000       28.964437731087806     
   450.000000       27.414606098125805     
   480.000000       24.341176094079298     
   510.000000       21.251639695204481     
   540.000000       19.112858965755379     
   570.000000       17.741733998254659     
   600.000000       16.872365482193683     
   630.000000       17.194205450469216     
   660.000000       18.947532029114086     
   690.000000       22.238651771282708     
   720.000000       22.762465065995752     
   720.000000       18.116338342889847     
   750.000000       19.704453398949600     
   780.000000       18.423461077598937     
   810.000000       15.253473161039409     
   840.000000       12.112901437986681     
   870.000000       10.336225826126507     
   900.000000       10.476999879372061     
   930.000000       11.568493050016937     
   960.000000       12.354838084373625     
   990.000000       12.872644373568624     
   1020.00000       13.727734943516445     
   1050.00000       15.539961902091020     
   1080.00000       18.116338342889847     
   1080.00000       15.495642793557669     
   1110.00000       16.540004456898181     
   1140.00000       14.929763244984462     
   1170.00000       12.112882429204985     
   1200.00000       10.040186331086119     
   1230.00000       9.7943969834531064     
   1260.00000       11.555806504563616     
   1290.00000       13.486017405414211     
   1320.00000       13.857686604911883     
   1350.00000       13.056140789651515     
   1380.00000       12.412421001657734     
   1410.00000       13.060930803773356     
   1440.00000       15.495642793557669     
