   0.00000000       98.320116768418927     
   30.0000000       100.91309467278327     
   60.0000000       98.045192081619348     
   90.0000000       90.564383460791944     
   120.000000       82.342820211842849     
   150.000000       77.004680168301505     
   180.000000       76.366773370201500     
   210.000000       78.729423414254001     
   240.000000       82.027600636625934     
   270.000000       85.205195959723767     
   300.000000       88.700149618276285     
   330.000000       93.399119615895032     
   360.000000       98.320116768418927     
   360.000000       22.326166400169971     
   390.000000       25.427092487936754     
   420.000000       25.355903801130825     
   450.000000       23.230463490357344     
   480.000000       20.948850194118840     
   510.000000       20.009503481758919     
   540.000000       21.004230148515511     
   570.000000       22.775192946353172     
   600.000000       23.691842465588152     
   630.000000       23.580395758050987     
   660.000000       23.195305237499113     
   690.000000       23.621957617413194     
   720.000000       22.326166400169971     
   720.000000       15.598793867446291     
   750.000000       17.089161062075021     
   780.000000       16.664291093019362     
   810.000000       15.077837399352140     
   840.000000       13.961435162466749     
   870.000000       14.174213028592799     
   900.000000       15.729617506813137     
   930.000000       16.927822986264484     
   960.000000       16.130171131964595     
   990.000000       14.261714172602151     
   1020.00000       12.908238053618678     
   1050.00000       13.283791590822544     
   1080.00000       15.598793867446291     
   1080.00000       14.589390427008022     
   1110.00000       16.964215726702253     
   1140.00000       17.269093836071011     
   1170.00000       16.104648292060009     
   1200.00000       14.824949741424254     
   1230.00000       14.467413155473800     
   1260.00000       15.191581681666293     
   1290.00000       15.234209271409018     
   1320.00000       13.388291148276986     
   1350.00000       11.081600295216969     
   1380.00000       10.091158790481433     
   1410.00000       11.385688908962846     
   1440.00000       14.589390427008022     
