   0.00000000       99.314807586431456     
   30.0000000       101.97091167413875     
   60.0000000       99.183633626832247     
   90.0000000       91.807812932718178     
   120.000000       83.647060943544233     
   150.000000       78.368818788356052     
   180.000000       77.638177133809037     
   210.000000       79.982161207315713     
   240.000000       83.257169825988100     
   270.000000       86.316315370304309     
   300.000000       89.704543048225986     
   330.000000       94.332457164931654     
   360.000000       99.314807586431456     
   360.000000       23.405195332619723     
   390.000000       26.593628047932064     
   420.000000       26.637068492181523     
   450.000000       24.594299719546019     
   480.000000       22.268432359420189     
   510.000000       21.158763064813066     
   540.000000       22.002916843173669     
   570.000000       23.696059155177871     
   600.000000       24.659120494372313     
   630.000000       24.651296393544595     
   660.000000       24.318334803997157     
   690.000000       24.776084610700799     
   720.000000       23.405195332619723     
   720.000000       17.020124818920717     
   750.000000       18.490995257742426     
   780.000000       17.921315359957362     
   810.000000       16.125270387536148     
   840.000000       14.842467030508327     
   870.000000       14.989378299069424     
   900.000000       16.610637971994926     
   930.000000       18.053267298877415     
   960.000000       17.554466863581013     
   990.000000       15.850646762403915     
   1020.00000       14.474922771209821     
   1050.00000       14.738911428777357     
   1080.00000       17.020124818920717     
   1080.00000       15.846333224059263     
   1110.00000       18.134079200017737     
   1140.00000       18.334093073373381     
   1170.00000       17.145866798271058     
   1200.00000       15.983844342771057     
   1230.00000       15.894146066453020     
   1260.00000       16.953857494408890     
   1290.00000       17.388664303488106     
   1320.00000       15.758080839965274     
   1350.00000       13.237080291473843     
   1380.00000       11.812699243921109     
   1410.00000       12.724485771701652     
   1440.00000       15.846333224059263     
