   0.00000000       90.207918729386805     
   30.0000000       92.552497637514037     
   60.0000000       90.911100481459641     
   90.0000000       86.392667172031210     
   120.000000       82.536961122627957     
   150.000000       81.783955259999416     
   180.000000       84.162571776815668     
   210.000000       87.025411874933880     
   240.000000       87.855842534635201     
   270.000000       86.419957732349189     
   300.000000       84.834103321750291     
   330.000000       85.648592270171804     
   360.000000       90.207918729386805     
   360.000000       19.199874943424994     
   390.000000       23.350874676224745     
   420.000000       25.149861364831782     
   450.000000       25.162465921224928     
   480.000000       24.505432091060960     
   510.000000       24.131002021638015     
   540.000000       24.217683316972657     
   570.000000       23.786088554641047     
   600.000000       21.974725890321434     
   630.000000       19.617642072506420     
   660.000000       18.332698693344238     
   690.000000       19.187162163489347     
   720.000000       19.199874943424994     
   720.000000       15.675331580907461     
   750.000000       18.568166962596251     
   780.000000       19.215635047177784     
   810.000000       17.927372428675600     
   840.000000       16.112988057464840     
   870.000000       14.761157538170119     
   900.000000       14.324874178626365     
   930.000000       13.521803099579623     
   960.000000       11.675887947275761     
   990.000000       10.097953368249511     
   1020.00000       10.174505216080087     
   1050.00000       12.480549054825662     
   1080.00000       15.675331580907461     
   1080.00000       17.029575835424101     
   1110.00000       19.673177713915969     
   1140.00000       19.158488962709949     
   1170.00000       16.387814208671799     
   1200.00000       13.296276053619183     
   1230.00000       11.323257554679623     
   1260.00000       10.786692567385405     
   1290.00000       10.458918450863258     
   1320.00000       9.8112322715867588     
   1350.00000       9.7197264754652810     
   1380.00000       10.844944844256736     
   1410.00000       13.603241626261724     
   1440.00000       17.029575835424101     
