   0.00000000       93.362559482653495     
   30.0000000       99.669510946663650     
   60.0000000       101.76967607338659     
   90.0000000       99.390150096648640     
   120.000000       94.504807626794658     
   150.000000       89.612650852667031     
   180.000000       85.974569662586418     
   210.000000       82.824591133908868     
   240.000000       79.529121326418291     
   270.000000       77.598021917260226     
   300.000000       79.365792991537404     
   330.000000       85.741119106564526     
   360.000000       93.362559482653495     
   360.000000       25.468363550179383     
   390.000000       30.744310135463774     
   420.000000       32.751077047919509     
   450.000000       31.719268337941685     
   480.000000       28.725349555030132     
   510.000000       25.475740580012605     
   540.000000       22.920716865760848     
   570.000000       20.966263886356302     
   600.000000       19.590969343458777     
   630.000000       19.491388503731937     
   660.000000       21.264016021681456     
   690.000000       24.839537423362835     
   720.000000       25.468363550179383     
   720.000000       21.953025331905721     
   750.000000       24.398556976432669     
   780.000000       23.938405885806652     
   810.000000       21.044129065801020     
   840.000000       17.483273159049300     
   870.000000       14.842162739782841     
   900.000000       13.794911524597010     
   930.000000       13.649943983704736     
   960.000000       13.688403566266382     
   990.000000       14.316688367111329     
   1020.00000       15.914871224452126     
   1050.00000       18.743472630898840     
   1080.00000       21.953025331905721     
   1080.00000       22.002386313363953     
   1110.00000       23.925158157247441     
   1140.00000       22.502269660809748     
   1170.00000       18.776058714862227     
   1200.00000       15.001677063762450     
   1230.00000       12.865724833869686     
   1260.00000       13.084637189960224     
   1290.00000       14.399408079624113     
   1320.00000       15.417054141913550     
   1350.00000       16.082984631507752     
   1380.00000       16.979822663584404     
   1410.00000       18.972920039827002     
   1440.00000       22.002386313363953     
