   0.00000000       98.466636607935598     
   30.0000000       99.984116223533675     
   60.0000000       96.292689346054928     
   90.0000000       89.210618807698978     
   120.000000       82.538885768878501     
   150.000000       79.518566532026654     
   180.000000       81.263496554503419     
   210.000000       85.424728057912375     
   240.000000       89.005851052253291     
   270.000000       90.834520059062456     
   300.000000       92.150722149404800     
   330.000000       94.357923499895307     
   360.000000       98.466636607935598     
   360.000000       26.877144169904749     
   390.000000       30.092647814530707     
   420.000000       30.444442417993574     
   450.000000       28.882300637778840     
   480.000000       27.000785970018701     
   510.000000       26.393805329723698     
   540.000000       27.334001564152185     
   570.000000       28.745660720626638     
   600.000000       29.187649071451315     
   630.000000       28.609838775482384     
   660.000000       27.844874595847784     
   690.000000       28.001397984479127     
   720.000000       26.877144169904749     
   720.000000       21.644195474877336     
   750.000000       23.311341425212536     
   780.000000       23.135894803817781     
   810.000000       21.988074004985815     
   840.000000       20.995864844445411     
   870.000000       21.104808548637958     
   900.000000       22.237357525902290     
   930.000000       22.887588670720724     
   960.000000       21.970385019952644     
   990.000000       20.095675926035000     
   1020.00000       18.780788708180609     
   1050.00000       19.233959564990123     
   1080.00000       21.644195474877336     
   1080.00000       21.449256116448261     
   1110.00000       23.927792957176507     
   1140.00000       24.434133515970046     
   1170.00000       23.565248373696701     
   1200.00000       22.517089319283787     
   1230.00000       22.198004782019439     
   1260.00000       22.593448423451015     
   1290.00000       22.347573312562005     
   1320.00000       20.454546328024982     
   1350.00000       18.014047850933935     
   1380.00000       16.909856134979190     
   1410.00000       18.254733902148278     
   1440.00000       21.449256116448261     
