   0.00000000       89.857985803893598     
   30.0000000       92.111911901026957     
   60.0000000       90.339988235621789     
   90.0000000       85.670621625942559     
   120.000000       81.731824819774872     
   150.000000       80.937370942746000     
   180.000000       83.395666948559850     
   210.000000       86.369939420330567     
   240.000000       87.384527445517563     
   270.000000       86.134355290667955     
   300.000000       84.606990910246836     
   330.000000       85.383629490874966     
   360.000000       89.857985803893598     
   360.000000       18.836657003708929     
   390.000000       22.991512918165711     
   420.000000       24.839412389198543     
   450.000000       24.846624939821687     
   480.000000       24.151710890144813     
   510.000000       23.703907291470038     
   540.000000       23.702336177079609     
   570.000000       23.215723084740951     
   600.000000       21.297741492932371     
   630.000000       18.948652484182272     
   660.000000       17.751060447151826     
   690.000000       18.715314775415006     
   720.000000       18.836657003708929     
   720.000000       15.630860219605580     
   750.000000       18.462858013743638     
   780.000000       18.989363020945007     
   810.000000       17.434780087951424     
   840.000000       15.346142714766872     
   870.000000       13.839575087663629     
   900.000000       13.285357671316291     
   930.000000       12.460583581575960     
   960.000000       10.778882364838223     
   990.000000       9.5449980623304604     
   1020.00000       9.9817723834176562     
   1050.00000       12.472666327230604     
   1080.00000       15.630860219605580     
   1080.00000       16.730959286396036     
   1110.00000       18.887756983499873     
   1140.00000       17.948876561078116     
   1170.00000       14.884898118489566     
   1200.00000       11.780100108087028     
   1230.00000       9.9098374515548606     
   1260.00000       9.6007085852480483     
   1290.00000       9.7017053479827506     
   1320.00000       9.6552940423421916     
   1350.00000       9.8996348179804645     
   1380.00000       11.058137785548841     
   1410.00000       13.519111807393523     
   1440.00000       16.730959286396036     
