   0.00000000       89.244484462706950     
   30.0000000       91.961515293501634     
   60.0000000       90.799610672248491     
   90.0000000       86.911832043332126     
   120.000000       83.515855555089658     
   150.000000       83.025989672740522     
   180.000000       85.238270662868956     
   210.000000       87.620796246244041     
   240.000000       87.685016375170591     
   270.000000       85.571715035120192     
   300.000000       83.635329379314555     
   330.000000       84.492366611276054     
   360.000000       89.244484462706950     
   360.000000       19.318928702649789     
   390.000000       23.657917153416889     
   420.000000       25.679103629584457     
   450.000000       25.786620337751565     
   480.000000       25.046733608082864     
   510.000000       24.435697686740969     
   540.000000       24.180571462689066     
   570.000000       23.428412022038579     
   600.000000       21.357178390007217     
   630.000000       18.998558308500854     
   660.000000       17.916853693756842     
   690.000000       19.073585005125775     
   720.000000       19.318928702649789     
   720.000000       16.084385531200088     
   750.000000       19.015689744193214     
   780.000000       19.609437363807210     
   810.000000       18.131947071721243     
   840.000000       16.065564002623525     
   870.000000       14.497908760326773     
   900.000000       13.892705778493504     
   930.000000       13.028971335648983     
   960.000000       11.290202652659817     
   990.000000       9.9748316623649167     
   1020.00000       10.348103024768392     
   1050.00000       12.853462294618749     
   1080.00000       16.084385531200088     
   1080.00000       17.357463281804243     
   1110.00000       19.813205401979321     
   1140.00000       19.115344163739863     
   1170.00000       16.154082895454000     
   1200.00000       12.947821096915947     
   1230.00000       10.951009885755697     
   1260.00000       10.450863083338433     
   1290.00000       10.322174122203919     
   1320.00000       9.9884571534079836     
   1350.00000       10.095362733720959     
   1380.00000       11.291396402703974     
   1410.00000       13.959925958567625     
   1440.00000       17.357463281804243     
