   0.00000000       98.623918135846381     
   30.0000000       102.46897081399136     
   60.0000000       100.71646162877015     
   90.0000000       93.905154012928406     
   120.000000       85.293218397053423     
   150.000000       78.622719839223635     
   180.000000       75.907799450347071     
   210.000000       76.369468591455856     
   240.000000       78.155905592735934     
   270.000000       81.282333371916778     
   300.000000       85.977443804419195     
   330.000000       92.566185993403721     
   360.000000       98.623918135846381     
   360.000000       23.619872378677879     
   390.000000       26.924592878937322     
   420.000000       26.726051941702956     
   450.000000       24.083128674712658     
   480.000000       20.964043092916899     
   510.000000       19.012222584562068     
   540.000000       19.125726737358256     
   570.000000       20.606794920714609     
   600.000000       21.990268186609480     
   630.000000       22.822870931307794     
   660.000000       23.488837552358916     
   690.000000       24.782909542167836     
   720.000000       23.619872378677879     
   720.000000       16.544835234203205     
   750.000000       17.765567152492892     
   780.000000       16.676010412933053     
   810.000000       14.376785510774951     
   840.000000       12.653667617944595     
   870.000000       12.631203614724859     
   900.000000       14.343227995894910     
   930.000000       16.101639052741817     
   960.000000       16.193166007977656     
   990.000000       15.053423776533082     
   1020.00000       14.070843095473332     
   1050.00000       14.422816348501261     
   1080.00000       16.544835234203205     
   1080.00000       14.480623579118934     
   1110.00000       16.319111319818170     
   1140.00000       16.104352341185152     
   1170.00000       14.692932945585435     
   1200.00000       13.577997710746402     
   1230.00000       13.720482035370656     
   1260.00000       15.131130496888959     
   1290.00000       15.893456322673511     
   1320.00000       14.583996363821855     
   1350.00000       12.329699338912951     
   1380.00000       10.963935232801024     
   1410.00000       11.682380321443162     
   1440.00000       14.480623579118934     
