   0.00000000       96.508274571760296     
   30.0000000       98.684773125697618     
   60.0000000       95.501649278731733     
   90.0000000       88.302413821842350     
   120.000000       80.792271895936651     
   150.000000       76.418403761030405     
   180.000000       76.843081921351356     
   210.000000       80.034281010076597     
   240.000000       83.438350361458006     
   270.000000       86.056189640462208     
   300.000000       88.445031995361248     
   330.000000       91.909859067207108     
   360.000000       96.508274571760296     
   360.000000       20.577050356045230     
   390.000000       23.809522505521528     
   420.000000       24.071375576308210     
   450.000000       22.604526013352679     
   480.000000       21.114128079689163     
   510.000000       20.817428449289771     
   540.000000       22.034798161106476     
   570.000000       23.455606864012800     
   600.000000       23.547081663745011     
   630.000000       22.581578270351027     
   660.000000       21.564598915983250     
   690.000000       21.681983448287838     
   720.000000       20.577050356045230     
   720.000000       14.485652867975290     
   750.000000       16.480060070610225     
   780.000000       16.623381442949324     
   810.000000       15.602124252266986     
   840.000000       14.653043634290121     
   870.000000       14.638988228994579     
   900.000000       15.626011463375148     
   930.000000       15.938371187616728     
   960.000000       14.415440388945003     
   990.000000       12.205937994174088     
   1020.00000       11.007691696920128     
   1050.00000       11.841508073550534     
   1080.00000       14.485652867975290     
   1080.00000       14.625229384620207     
   1110.00000       17.476219533757849     
   1140.00000       17.845265400135485     
   1170.00000       16.292575958611934     
   1200.00000       14.406117470414198     
   1230.00000       13.245695885736289     
   1260.00000       13.167027641028918     
   1290.00000       12.610482562454157     
   1320.00000       10.766232302521068     
   1350.00000       9.1040793343849913     
   1380.00000       9.0712175940904221     
   1410.00000       11.294632209036124     
   1440.00000       14.625229384620207     
