   0.00000000       69.267914205640452     
   15.0000000       71.456841758200824     
   30.0000000       73.183162560458911     
   45.0000000       74.300425228193276     
   60.0000000       74.780956914023477     
   75.0000000       74.682148698198603     
   90.0000000       74.103311627091429     
   105.000000       73.225439426109133     
   120.000000       72.243415431603850     
   135.000000       71.333213174090815     
   150.000000       70.626121139259027     
   165.000000       70.200776535673199     
   180.000000       69.932965129932100     
   195.000000       69.693002142299292     
   210.000000       69.308566886655939     
   225.000000       68.683245950381334     
   240.000000       67.754646547056808     
   255.000000       66.603695812469255     
   270.000000       65.415495911016862     
   285.000000       64.449395097486260     
   300.000000       63.959774390734701     
   315.000000       64.143099321614429     
   330.000000       65.106627129493020     
   345.000000       66.826242019379663     
   360.000000       69.267914205640452     
