   0.00000000       73.765372591470083     
   15.0000000       76.643384460226343     
   30.0000000       79.009449847209169     
   45.0000000       80.475756139042616     
   60.0000000       80.890278318986333     
   75.0000000       80.289215560968529     
   90.0000000       78.899279025143585     
   105.000000       76.704107759285549     
   120.000000       73.992544752641223     
   135.000000       71.153185130836334     
   150.000000       68.558651498727855     
   165.000000       66.226113805097768     
   180.000000       64.373749719903515     
   195.000000       62.927500389498562     
   210.000000       61.791956355080373     
   225.000000       60.994171781786108     
   240.000000       60.478588937763810     
   255.000000       60.261493853366439     
   270.000000       60.526235498839313     
   285.000000       61.415790293815363     
   300.000000       62.930034145259569     
   315.000000       65.000627007050568     
   330.000000       67.786015197922666     
   345.000000       70.931206513567389     
   360.000000       73.765372591470083     
