   0.00000000       76.494269856479079     
   15.0000000       77.554248009229141     
   30.0000000       77.991344967522551     
   45.0000000       77.519345075009497     
   60.0000000       75.957516614787792     
   75.0000000       73.586005944295110     
   90.0000000       70.799606982465960     
   105.000000       67.691247077654154     
   120.000000       64.933969319641903     
   135.000000       62.757936301775047     
   150.000000       61.362199815367489     
   165.000000       60.931178627189404     
   180.000000       61.428767175268398     
   195.000000       62.659654935243886     
   210.000000       64.340726116398613     
   225.000000       66.162792902664421     
   240.000000       67.872336175229506     
   255.000000       69.493308101814833     
   270.000000       70.746603071190023     
   285.000000       71.666118309633745     
   300.000000       72.519463820220636     
   315.000000       73.368267551832304     
   330.000000       74.288012432223852     
   345.000000       75.231623883228409     
   360.000000       76.494269856479079     
