   0.00000000       92.192218649221459     
   15.0000000       96.459695867160988     
   30.0000000       100.02733376606217     
   45.0000000       102.33248375774218     
   60.0000000       103.11090709543267     
   75.0000000       102.43496819422731     
   90.0000000       100.62233750592135     
   105.000000       97.926439836366725     
   120.000000       94.695955200137448     
   135.000000       91.335115066734147     
   150.000000       88.334846443562043     
   165.000000       85.776273454461801     
   180.000000       83.637801032059414     
   195.000000       81.913994066804378     
   210.000000       80.376200547936818     
   225.000000       78.839654265118625     
   240.000000       77.405728278793845     
   255.000000       76.210322701934047     
   270.000000       75.543292447971396     
   285.000000       75.751716177433238     
   300.000000       77.070116039415197     
   315.000000       79.444332188487863     
   330.000000       83.125276102585033     
   345.000000       87.744080018741002     
   360.000000       92.192218649221459     
