   0.00000000       102.31775381703568     
   15.0000000       104.64477441726275     
   30.0000000       105.88132973761209     
   45.0000000       105.56126618781042     
   60.0000000       103.57052924989583     
   75.0000000       100.11387666867124     
   90.0000000       95.464449252778124     
   105.000000       90.356538560497910     
   120.000000       85.318400758887307     
   135.000000       81.016801659698132     
   150.000000       77.850201384847651     
   165.000000       75.982346692257451     
   180.000000       75.653152732461365     
   195.000000       76.480455832323884     
   210.000000       78.005833681771563     
   225.000000       79.923467686270001     
   240.000000       82.127268694906363     
   255.000000       84.315695108385555     
   270.000000       86.432033366664413     
   285.000000       88.679895615222151     
   300.000000       90.969909636471186     
   315.000000       93.662644994514437     
   330.000000       96.664025221241673     
   345.000000       99.601401722318485     
   360.000000       102.31775381703568     
