   0.00000000       87.165337283365787     
   15.0000000       90.877235361588774     
   30.0000000       93.751917704672707     
   45.0000000       95.574130940158412     
   60.0000000       96.255831547055337     
   75.0000000       95.812699644201416     
   90.0000000       94.508346476628915     
   105.000000       92.712068089081384     
   120.000000       90.815434823798284     
   135.000000       89.141022391315985     
   150.000000       87.968687408027833     
   165.000000       87.456305209198661     
   180.000000       87.249808999724536     
   195.000000       87.005489533633195     
   210.000000       86.416233694232645     
   225.000000       85.318414298561123     
   240.000000       83.693022402208300     
   255.000000       81.698802787426828     
   270.000000       79.671021646744720     
   285.000000       78.068059829000362     
   300.000000       77.360963819614099     
   315.000000       77.875801189646808     
   330.000000       79.836197346599334     
   345.000000       83.149091683325935     
   360.000000       87.165337283365787     
