   0.00000000       87.778871481772356     
   15.0000000       91.713659264386351     
   30.0000000       94.934335574787298     
   45.0000000       97.035520201732226     
   60.0000000       97.751184751006633     
   75.0000000       97.144407521308551     
   90.0000000       95.518261082499961     
   105.000000       93.264871323639738     
   120.000000       90.796587178457699     
   135.000000       88.485059579325863     
   150.000000       86.685116737365902     
   165.000000       85.612994051782167     
   180.000000       84.830745640109811     
   195.000000       84.107617771320477     
   210.000000       83.226915484121292     
   225.000000       81.990555679233907     
   240.000000       80.359414855915446     
   255.000000       78.484687010338931     
   270.000000       76.730310335413250     
   285.000000       75.607644010002062     
   300.000000       75.565277783758248     
   315.000000       76.728034558146859     
   330.000000       79.445284973125723     
   345.000000       83.477468247797773     
   360.000000       87.778871481772356     
