   0.00000000      0.20951060950756073     
   30.0000000      0.20990273356437683     
   60.0000000      0.20957647264003754     
   90.0000000      0.20884992182254791     
   120.000000      0.20791074633598328     
   150.000000      0.20673163235187531     
   180.000000      0.20541335642337799     
   210.000000      0.20452606678009033     
   240.000000      0.20465235412120819     
   270.000000      0.20586502552032471     
   300.000000      0.20735006034374237     
   330.000000      0.20865789055824280     
   360.000000      0.20951060950756073     
   360.000000      0.17326384782791138     
   390.000000      0.17459061741828918     
   420.000000      0.17483614385128021     
   450.000000      0.17453071475028992     
   480.000000      0.17413555085659027     
   510.000000      0.17414551973342896     
   540.000000      0.17479164898395538     
   570.000000      0.17554593086242676     
   600.000000      0.17587964236736298     
   630.000000      0.17569966614246368     
   660.000000      0.17527389526367188     
   690.000000      0.17502401769161224     
   720.000000      0.17326384782791138     
   720.000000      0.16727417707443237     
   750.000000      0.16738691926002502     
   780.000000      0.16630795598030090     
   810.000000      0.16439713537693024     
   840.000000      0.16255353391170502     
   870.000000      0.16165179014205933     
   900.000000      0.16217158734798431     
   930.000000      0.16338005661964417     
   960.000000      0.16443660855293274     
   990.000000      0.16516900062561035     
   1020.00000      0.16574418544769287     
   1050.00000      0.16657619178295135     
   1080.00000      0.16727417707443237     
   1080.00000      0.16743378341197968     
   1110.00000      0.16666418313980103     
   1140.00000      0.16428135335445404     
   1170.00000      0.16088479757308960     
   1200.00000      0.15775802731513977     
   1230.00000      0.15621353685855865     
   1260.00000      0.15698486566543579     
   1290.00000      0.15928632020950317     
   1320.00000      0.16178010404109955     
   1350.00000      0.16395665705204010     
   1380.00000      0.16567738354206085     
   1410.00000      0.16699570417404175     
   1440.00000      0.16743378341197968     
