   0.00000000      0.19696059823036194     
   30.0000000      0.19790607690811157     
   60.0000000      0.19760023057460785     
   90.0000000      0.19622592628002167     
   120.000000      0.19436788558959961     
   150.000000      0.19275732338428497     
   180.000000      0.19179919362068176     
   210.000000      0.19153819978237152     
   240.000000      0.19172927737236023     
   270.000000      0.19240303337574005     
   300.000000      0.19366687536239624     
   330.000000      0.19543687999248505     
   360.000000      0.19696059823036194     
   360.000000      0.18672019243240356     
   390.000000      0.18700028955936432     
   420.000000      0.18712568283081055     
   450.000000      0.18721459805965424     
   480.000000      0.18726299703121185     
   510.000000      0.18726889789104462     
   540.000000      0.18731412291526794     
   570.000000      0.18755237758159637     
   600.000000      0.18777899444103241     
   630.000000      0.18790352344512939     
   660.000000      0.18771639466285706     
   690.000000      0.18729323148727417     
   720.000000      0.18672019243240356     
   720.000000      0.18612273037433624     
   750.000000      0.18625538051128387     
   780.000000      0.18654268980026245     
   810.000000      0.18673205375671387     
   840.000000      0.18673284351825714     
   870.000000      0.18676064908504486     
   900.000000      0.18696376681327820     
   930.000000      0.18729174137115479     
   960.000000      0.18755728006362915     
   990.000000      0.18744803965091705     
   1020.00000      0.18689061701297760     
   1050.00000      0.18634329736232758     
   1080.00000      0.18612273037433624     
   1080.00000      0.18654286861419678     
   1110.00000      0.18685881793498993     
   1140.00000      0.18711777031421661     
   1170.00000      0.18707269430160522     
   1200.00000      0.18684709072113037     
   1230.00000      0.18686351180076599     
   1260.00000      0.18715544044971466     
   1290.00000      0.18758344650268555     
   1320.00000      0.18774686753749847     
   1350.00000      0.18743902444839478     
   1380.00000      0.18678948283195496     
   1410.00000      0.18648222088813782     
   1440.00000      0.18654286861419678     
