   0.00000000      0.21460257470607758     
   30.0000000      0.21504701673984528     
   60.0000000      0.21485227346420288     
   90.0000000      0.21395686268806458     
   120.000000      0.21242883801460266     
   150.000000      0.21083311736583710     
   180.000000      0.20976203680038452     
   210.000000      0.20967482030391693     
   240.000000      0.21045000851154327     
   270.000000      0.21176001429557800     
   300.000000      0.21291285753250122     
   330.000000      0.21388876438140869     
   360.000000      0.21460257470607758     
   360.000000      0.17143468558788300     
   390.000000      0.17293070256710052     
   420.000000      0.17318865656852722     
   450.000000      0.17256720364093781     
   480.000000      0.17175953090190887     
   510.000000      0.17145304381847382     
   540.000000      0.17190612852573395     
   570.000000      0.17275302112102509     
   600.000000      0.17331522703170776     
   630.000000      0.17344541847705841     
   660.000000      0.17334285378456116     
   690.000000      0.17357882857322693     
   720.000000      0.17143468558788300     
   720.000000      0.15707945823669434     
   750.000000      0.15740403532981873     
   780.000000      0.15657238662242889     
   810.000000      0.15473170578479767     
   840.000000      0.15280316770076752     
   870.000000      0.15188063681125641     
   900.000000      0.15264974534511566     
   930.000000      0.15435361862182617     
   960.000000      0.15562765300273895     
   990.000000      0.15614229440689087     
   1020.00000      0.15625055134296417     
   1050.00000      0.15662451088428497     
   1080.00000      0.15707945823669434     
   1080.00000      0.15134751796722412     
   1110.00000      0.15143737196922302     
   1140.00000      0.15010067820549011     
   1170.00000      0.14747852087020874     
   1200.00000      0.14500658214092255     
   1230.00000      0.14416801929473877     
   1260.00000      0.14576134085655212     
   1290.00000      0.14848902821540833     
   1320.00000      0.15043061971664429     
   1350.00000      0.15121833980083466     
   1380.00000      0.15118792653083801     
   1410.00000      0.15106594562530518     
   1440.00000      0.15134751796722412     
