   0.00000000      0.21426591277122498     
   30.0000000      0.21470786631107330     
   60.0000000      0.21419616043567657     
   90.0000000      0.21320517361164093     
   120.000000      0.21254767477512360     
   150.000000      0.21236640214920044     
   180.000000      0.21191999316215515     
   210.000000      0.21107557415962219     
   240.000000      0.21049252152442932     
   270.000000      0.21085418760776520     
   300.000000      0.21199101209640503     
   330.000000      0.21331329643726349     
   360.000000      0.21426591277122498     
   360.000000      0.16893543303012848     
   390.000000      0.16978685557842255     
   420.000000      0.16986158490180969     
   450.000000      0.16995291411876678     
   480.000000      0.17058709263801575     
   510.000000      0.17191682755947113     
   540.000000      0.17379902303218842     
   570.000000      0.17550651729106903     
   600.000000      0.17608495056629181     
   630.000000      0.17537829279899597     
   660.000000      0.17382936179637909     
   690.000000      0.17223575711250305     
   720.000000      0.16893543303012848     
   720.000000      0.15236316621303558     
   750.000000      0.15296635031700134     
   780.000000      0.15298604965209961     
   810.000000      0.15251894295215607     
   840.000000      0.15216964483261108     
   870.000000      0.15258054435253143     
   900.000000      0.15415981411933899     
   930.000000      0.15568011999130249     
   960.000000      0.15581321716308594     
   990.000000      0.15465693175792694     
   1020.00000      0.15298679471015930     
   1050.00000      0.15206944942474365     
   1080.00000      0.15236316621303558     
   1080.00000      0.14695864915847778     
   1110.00000      0.14812374114990234     
   1140.00000      0.14793075621128082     
   1170.00000      0.14663255214691162     
   1200.00000      0.14507457613945007     
   1230.00000      0.14440356194972992     
   1260.00000      0.14529675245285034     
   1290.00000      0.14668376743793488     
   1320.00000      0.14714761078357697     
   1350.00000      0.14656189084053040     
   1380.00000      0.14570324122905731     
   1410.00000      0.14580738544464111     
   1440.00000      0.14695864915847778     
