   0.00000000      0.21430951356887817     
   30.0000000      0.21471157670021057     
   60.0000000      0.21420602500438690     
   90.0000000      0.21344292163848877     
   120.000000      0.21280528604984283     
   150.000000      0.21226872503757477     
   180.000000      0.21136894822120667     
   210.000000      0.21038305759429932     
   240.000000      0.21011951565742493     
   270.000000      0.21088522672653198     
   300.000000      0.21219508349895477     
   330.000000      0.21349844336509705     
   360.000000      0.21430951356887817     
   360.000000      0.16915601491928101     
   390.000000      0.17033480107784271     
   420.000000      0.17074494063854218     
   450.000000      0.17095261812210083     
   480.000000      0.17136901617050171     
   510.000000      0.17226845026016235     
   540.000000      0.17372970283031464     
   570.000000      0.17501221597194672     
   600.000000      0.17532917857170105     
   630.000000      0.17459771037101746     
   660.000000      0.17323721945285797     
   690.000000      0.17202301323413849     
   720.000000      0.16915601491928101     
   720.000000      0.15348505973815918     
   750.000000      0.15428741276264191     
   780.000000      0.15428338944911957     
   810.000000      0.15355870127677917     
   840.000000      0.15279087424278259     
   870.000000      0.15275058150291443     
   900.000000      0.15389715135097504     
   930.000000      0.15515151619911194     
   960.000000      0.15534344315528870     
   990.000000      0.15450586378574371     
   1020.00000      0.15332894027233124     
   1050.00000      0.15293972194194794     
   1080.00000      0.15348505973815918     
   1080.00000      0.14838950335979462     
   1110.00000      0.14934442937374115     
   1140.00000      0.14888417720794678     
   1170.00000      0.14718121290206909     
   1200.00000      0.14524644613265991     
   1230.00000      0.14429239928722382     
   1260.00000      0.14509588479995728     
   1290.00000      0.14668370783329010     
   1320.00000      0.14752708375453949     
   1350.00000      0.14740392565727234     
   1380.00000      0.14695689082145691     
   1410.00000      0.14726400375366211     
   1440.00000      0.14838950335979462     
