   0.00000000      0.21960182487964630     
   30.0000000      0.21980401873588562     
   60.0000000      0.21917785704135895     
   90.0000000      0.21778935194015503     
   120.000000      0.21621063351631165     
   150.000000      0.21513365209102631     
   180.000000      0.21501962840557098     
   210.000000      0.21564672887325287     
   240.000000      0.21661968529224396     
   270.000000      0.21772140264511108     
   300.000000      0.21840557456016541     
   330.000000      0.21892488002777100     
   360.000000      0.21960182487964630     
   360.000000      0.17626741528511047     
   390.000000      0.17619550228118896     
   420.000000      0.17511753737926483     
   450.000000      0.17317512631416321     
   480.000000      0.17144717276096344     
   510.000000      0.17113007605075836     
   540.000000      0.17273838818073273     
   570.000000      0.17539352178573608     
   600.000000      0.17777495086193085     
   630.000000      0.17929759621620178     
   660.000000      0.17978835105895996     
   690.000000      0.17951244115829468     
   720.000000      0.17626741528511047     
   720.000000      0.14974828064441681     
   750.000000      0.14880587160587311     
   780.000000      0.14674502611160278     
   810.000000      0.14420203864574432     
   840.000000      0.14280702173709869     
   870.000000      0.14368619024753571     
   900.000000      0.14698942005634308     
   930.000000      0.15085726976394653     
   960.000000      0.15331020951271057     
   990.000000      0.15369477868080139     
   1020.00000      0.15246616303920746     
   1050.00000      0.15078255534172058     
   1080.00000      0.14974828064441681     
   1080.00000      0.13288444280624390     
   1110.00000      0.13290242850780487     
   1140.00000      0.13179038465023041     
   1170.00000      0.13044980168342590     
   1200.00000      0.13004010915756226     
   1230.00000      0.13114508986473083     
   1260.00000      0.13410615921020508     
   1290.00000      0.13733218610286713     
   1320.00000      0.13843278586864471     
   1350.00000      0.13714009523391724     
   1380.00000      0.13475248217582703     
   1410.00000      0.13287955522537231     
   1440.00000      0.13288444280624390     
