   0.00000000      0.21463121473789215     
   30.0000000      0.21510443091392517     
   60.0000000      0.21483463048934937     
   90.0000000      0.21361891925334930     
   120.000000      0.21181140840053558     
   150.000000      0.21023225784301758     
   180.000000      0.20951819419860840     
   210.000000      0.20973578095436096     
   240.000000      0.21074713766574860     
   270.000000      0.21199071407318115     
   300.000000      0.21298456192016602     
   330.000000      0.21391013264656067     
   360.000000      0.21463121473789215     
   360.000000      0.17229108512401581     
   390.000000      0.17351770401000977     
   420.000000      0.17340743541717529     
   450.000000      0.17242002487182617     
   480.000000      0.17128008604049683     
   510.000000      0.17068290710449219     
   540.000000      0.17111526429653168     
   570.000000      0.17217330634593964     
   600.000000      0.17313140630722046     
   630.000000      0.17372894287109375     
   660.000000      0.17401441931724548     
   690.000000      0.17445799708366394     
   720.000000      0.17229108512401581     
   720.000000      0.15788239240646362     
   750.000000      0.15791356563568115     
   780.000000      0.15675725042819977     
   810.000000      0.15458507835865021     
   840.000000      0.15244688093662262     
   870.000000      0.15151675045490265     
   900.000000      0.15256853401660919     
   930.000000      0.15469923615455627     
   960.000000      0.15637382864952087     
   990.000000      0.15725696086883545     
   1020.00000      0.15754662454128265     
   1050.00000      0.15776777267456055     
   1080.00000      0.15788239240646362     
   1080.00000      0.15188536047935486     
   1110.00000      0.15173724293708801     
   1140.00000      0.15016275644302368     
   1170.00000      0.14743299782276154     
   1200.00000      0.14507268369197845     
   1230.00000      0.14459678530693054     
   1260.00000      0.14660912752151489     
   1290.00000      0.14964476227760315     
   1320.00000      0.15180931985378265     
   1350.00000      0.15263354778289795     
   1380.00000      0.15243810415267944     
   1410.00000      0.15195134282112122     
   1440.00000      0.15188536047935486     
