   0.00000000      0.20609550178050995     
   30.0000000      0.20661032199859619     
   60.0000000      0.20617480576038361     
   90.0000000      0.20485727488994598     
   120.000000      0.20331859588623047     
   150.000000      0.20243252813816071     
   180.000000      0.20259307324886322     
   210.000000      0.20334047079086304     
   240.000000      0.20429067313671112     
   270.000000      0.20475140213966370     
   300.000000      0.20492513477802277     
   330.000000      0.20508484542369843     
   360.000000      0.20609550178050995     
   360.000000      0.18071462213993073     
   390.000000      0.17984406650066376     
   420.000000      0.17781589925289154     
   450.000000      0.17521928250789642     
   480.000000      0.17311371862888336     
   510.000000      0.17262005805969238     
   540.000000      0.17410996556282043     
   570.000000      0.17679055035114288     
   600.000000      0.17964348196983337     
   630.000000      0.18189437687397003     
   660.000000      0.18309055268764496     
   690.000000      0.18310567736625671     
   720.000000      0.18071462213993073     
   720.000000      0.17581857740879059     
   750.000000      0.17263370752334595     
   780.000000      0.16879500448703766     
   810.000000      0.16514089703559875     
   840.000000      0.16319026052951813     
   870.000000      0.16405560076236725     
   900.000000      0.16752268373966217     
   930.000000      0.17206339538097382     
   960.000000      0.17610606551170349     
   990.000000      0.17881649732589722     
   1020.00000      0.17963436245918274     
   1050.00000      0.17842437326908112     
   1080.00000      0.17581857740879059     
   1080.00000      0.17277933657169342     
   1110.00000      0.16883568465709686     
   1140.00000      0.16454866528511047     
   1170.00000      0.16121454536914825     
   1200.00000      0.16058398783206940     
   1230.00000      0.16332346200942993     
   1260.00000      0.16838726401329041     
   1290.00000      0.17378602921962738     
   1320.00000      0.17783273756504059     
   1350.00000      0.17987689375877380     
   1380.00000      0.17935645580291748     
   1410.00000      0.17649950087070465     
   1440.00000      0.17277933657169342     
