   0.00000000      0.20161576569080353     
   30.0000000      0.20295776426792145     
   60.0000000      0.20319594442844391     
   90.0000000      0.20228134095668793     
   120.000000      0.20108836889266968     
   150.000000      0.20056909322738647     
   180.000000      0.20073083043098450     
   210.000000      0.20074166357517242     
   240.000000      0.20023131370544434     
   270.000000      0.19952684640884399     
   300.000000      0.19918176531791687     
   330.000000      0.19982548058032990     
   360.000000      0.20161576569080353     
   360.000000      0.18100111186504364     
   390.000000      0.17946915328502655     
   420.000000      0.17722757160663605     
   450.000000      0.17521621286869049     
   480.000000      0.17480033636093140     
   510.000000      0.17655500769615173     
   540.000000      0.17977772653102875     
   570.000000      0.18294535577297211     
   600.000000      0.18519058823585510     
   630.000000      0.18610663712024689     
   660.000000      0.18573266267776489     
   690.000000      0.18408410251140594     
   720.000000      0.18100111186504364     
   720.000000      0.17639347910881042     
   750.000000      0.17307798564434052     
   780.000000      0.17010094225406647     
   810.000000      0.16873286664485931     
   840.000000      0.17002166807651520     
   870.000000      0.17362383008003235     
   900.000000      0.17794066667556763     
   930.000000      0.18159694969654083     
   960.000000      0.18383787572383881     
   990.000000      0.18431688845157623     
   1020.00000      0.18281592428684235     
   1050.00000      0.17973001301288605     
   1080.00000      0.17639347910881042     
   1080.00000      0.17360463738441467     
   1110.00000      0.17055577039718628     
   1140.00000      0.16848166286945343     
   1170.00000      0.16865390539169312     
   1200.00000      0.17140969634056091     
   1230.00000      0.17559696733951569     
   1260.00000      0.17972314357757568     
   1290.00000      0.18275325000286102     
   1320.00000      0.18417324125766754     
   1350.00000      0.18354640901088715     
   1380.00000      0.18097196519374847     
   1410.00000      0.17708536982536316     
   1440.00000      0.17360463738441467     
