   0.00000000      0.20818468928337097     
   30.0000000      0.20873010158538818     
   60.0000000      0.20834495127201080     
   90.0000000      0.20685765147209167     
   120.000000      0.20491829514503479     
   150.000000      0.20349225401878357     
   180.000000      0.20311371982097626     
   210.000000      0.20371481776237488     
   240.000000      0.20483891665935516     
   270.000000      0.20594598352909088     
   300.000000      0.20669713616371155     
   330.000000      0.20733480155467987     
   360.000000      0.20818468928337097     
   360.000000      0.17921949923038483     
   390.000000      0.17934682965278625     
   420.000000      0.17807973921298981     
   450.000000      0.17598253488540649     
   480.000000      0.17392416298389435     
   510.000000      0.17290256917476654     
   540.000000      0.17336361110210419     
   570.000000      0.17491221427917480     
   600.000000      0.17682008445262909     
   630.000000      0.17865723371505737     
   660.000000      0.18000508844852448     
   690.000000      0.18084812164306641     
   720.000000      0.17921949923038483     
   720.000000      0.17446361482143402     
   750.000000      0.17229139804840088     
   780.000000      0.16900140047073364     
   810.000000      0.16536064445972443     
   840.000000      0.16257512569427490     
   870.000000      0.16189916431903839     
   900.000000      0.16377224028110504     
   930.000000      0.16720727086067200     
   960.000000      0.17074309289455414     
   990.000000      0.17369605600833893     
   1020.00000      0.17547139525413513     
   1050.00000      0.17575301229953766     
   1080.00000      0.17446361482143402     
   1080.00000      0.17239660024642944     
   1110.00000      0.16900333762168884     
   1140.00000      0.16470065712928772     
   1170.00000      0.16047099232673645     
   1200.00000      0.15801370143890381     
   1230.00000      0.15868818759918213     
   1260.00000      0.16241785883903503     
   1290.00000      0.16748049855232239     
   1320.00000      0.17205002903938293     
   1350.00000      0.17517599463462830     
   1380.00000      0.17623424530029297     
   1410.00000      0.17505672574043274     
   1440.00000      0.17239660024642944     
