   0.00000000      0.21474048495292664     
   30.0000000      0.21531634032726288     
   60.0000000      0.21500225365161896     
   90.0000000      0.21377421915531158     
   120.000000      0.21247607469558716     
   150.000000      0.21210877597332001     
   180.000000      0.21264562010765076     
   210.000000      0.21328246593475342     
   240.000000      0.21357858180999756     
   270.000000      0.21355108916759491     
   300.000000      0.21348802745342255     
   330.000000      0.21375952661037445     
   360.000000      0.21474048495292664     
   360.000000      0.17123456299304962     
   390.000000      0.17089223861694336     
   420.000000      0.16971810162067413     
   450.000000      0.16815912723541260     
   480.000000      0.16752521693706512     
   510.000000      0.16871879994869232     
   540.000000      0.17151127755641937     
   570.000000      0.17465837299823761     
   600.000000      0.17678262293338776     
   630.000000      0.17748855054378510     
   660.000000      0.17679931223392487     
   690.000000      0.17521999776363373     
   720.000000      0.17123456299304962     
   720.000000      0.15105937421321869     
   750.000000      0.15030094981193542     
   780.000000      0.14887279272079468     
   810.000000      0.14750462770462036     
   840.000000      0.14739543199539185     
   870.000000      0.14897502958774567     
   900.000000      0.15214091539382935     
   930.000000      0.15546420216560364     
   960.000000      0.15713672339916229     
   990.000000      0.15659180283546448     
   1020.00000      0.15448707342147827     
   1050.00000      0.15219946205615997     
   1080.00000      0.15105937421321869     
   1080.00000      0.14217765629291534     
   1110.00000      0.14249598979949951     
   1140.00000      0.14206621050834656     
   1170.00000      0.14148500561714172     
   1200.00000      0.14142335951328278     
   1230.00000      0.14242628216743469     
   1260.00000      0.14489170908927917     
   1290.00000      0.14737258851528168     
   1320.00000      0.14785586297512054     
   1350.00000      0.14629942178726196     
   1380.00000      0.14383263885974884     
   1410.00000      0.14205865561962128     
   1440.00000      0.14217765629291534     
