   0.00000000      0.21776278316974640     
   30.0000000      0.21809490025043488     
   60.0000000      0.21754147112369537     
   90.0000000      0.21659442782402039     
   120.000000      0.21601271629333496     
   150.000000      0.21587511897087097     
   180.000000      0.21535609662532806     
   210.000000      0.21448631584644318     
   240.000000      0.21403951942920685     
   270.000000      0.21450750529766083     
   300.000000      0.21568706631660461     
   330.000000      0.21692751348018646     
   360.000000      0.21776278316974640     
   360.000000      0.17164778709411621     
   390.000000      0.17277979850769043     
   420.000000      0.17317144572734833     
   450.000000      0.17335456609725952     
   480.000000      0.17378233373165131     
   510.000000      0.17477685213088989     
   540.000000      0.17640317976474762     
   570.000000      0.17787551879882813     
   600.000000      0.17817381024360657     
   630.000000      0.17734344303607941     
   660.000000      0.17586341500282288     
   690.000000      0.17452627420425415     
   720.000000      0.17164778709411621     
   720.000000      0.14966821670532227     
   750.000000      0.15060006082057953     
   780.000000      0.15036313235759735     
   810.000000      0.14911641180515289     
   840.000000      0.14767563343048096     
   870.000000      0.14719411730766296     
   900.000000      0.14830107986927032     
   930.000000      0.14981749653816223     
   960.000000      0.15034593641757965     
   990.000000      0.14978249371051788     
   1020.00000      0.14888936281204224     
   1050.00000      0.14885763823986053     
   1080.00000      0.14966821670532227     
   1080.00000      0.13781927525997162     
   1110.00000      0.13849677145481110     
   1140.00000      0.13731317222118378     
   1170.00000      0.13461571931838989     
   1200.00000      0.13183659315109253     
   1230.00000      0.13075186312198639     
   1260.00000      0.13229428231716156     
   1290.00000      0.13496057689189911     
   1320.00000      0.13659441471099854     
   1350.00000      0.13694800436496735     
   1380.00000      0.13669073581695557     
   1410.00000      0.13687956333160400     
   1440.00000      0.13781927525997162     
