   0.00000000      0.21723154187202454     
   30.0000000      0.21756556630134583     
   60.0000000      0.21720479428768158     
   90.0000000      0.21595421433448792     
   120.000000      0.21457305550575256     
   150.000000      0.21400000154972076     
   180.000000      0.21437916159629822     
   210.000000      0.21516761183738708     
   240.000000      0.21588769555091858     
   270.000000      0.21631428599357605     
   300.000000      0.21639430522918701     
   330.000000      0.21649605035781860     
   360.000000      0.21723154187202454     
   360.000000      0.17338988184928894     
   390.000000      0.17301122844219208     
   420.000000      0.17177176475524902     
   450.000000      0.16998912394046783     
   480.000000      0.16892789304256439     
   510.000000      0.16967694461345673     
   540.000000      0.17226359248161316     
   570.000000      0.17548522353172302     
   600.000000      0.17785641551017761     
   630.000000      0.17885270714759827     
   660.000000      0.17849035561084747     
   690.000000      0.17721997201442719     
   720.000000      0.17338988184928894     
   720.000000      0.14894410967826843     
   750.000000      0.14825667440891266     
   780.000000      0.14667303860187531     
   810.000000      0.14499905705451965     
   840.000000      0.14456559717655182     
   870.000000      0.14591628313064575     
   900.000000      0.14907367527484894     
   930.000000      0.15251636505126953     
   960.000000      0.15432311594486237     
   990.000000      0.15391635894775391     
   1020.00000      0.15199024975299835     
   1050.00000      0.14993356168270111     
   1080.00000      0.14894410967826843     
   1080.00000      0.13636428117752075     
   1110.00000      0.13682559132575989     
   1140.00000      0.13631995022296906     
   1170.00000      0.13544772565364838     
   1200.00000      0.13495519757270813     
   1230.00000      0.13557264208793640     
   1260.00000      0.13792023062705994     
   1290.00000      0.14048598706722260     
   1320.00000      0.14106114208698273     
   1350.00000      0.13963907957077026     
   1380.00000      0.13740748167037964     
   1410.00000      0.13594128191471100     
   1440.00000      0.13636428117752075     
