   0.00000000      0.21884872019290924     
   30.0000000      0.21899688243865967     
   60.0000000      0.21852067112922668     
   90.0000000      0.21718716621398926     
   120.000000      0.21579223871231079     
   150.000000      0.21503564715385437     
   180.000000      0.21523424983024597     
   210.000000      0.21594220399856567     
   240.000000      0.21687743067741394     
   270.000000      0.21765688061714172     
   300.000000      0.21801242232322693     
   330.000000      0.21818867325782776     
   360.000000      0.21884872019290924     
   360.000000      0.17538250982761383     
   390.000000      0.17498007416725159     
   420.000000      0.17368182539939880     
   450.000000      0.17174689471721649     
   480.000000      0.17038086056709290     
   510.000000      0.17075558006763458     
   540.000000      0.17310379445552826     
   570.000000      0.17631532251834869     
   600.000000      0.17889633774757385     
   630.000000      0.18017326295375824     
   660.000000      0.18011356890201569     
   690.000000      0.17911918461322784     
   720.000000      0.17538250982761383     
   720.000000      0.14854571223258972     
   750.000000      0.14774590730667114     
   780.000000      0.14598822593688965     
   810.000000      0.14409580826759338     
   840.000000      0.14350704848766327     
   870.000000      0.14488229155540466     
   900.000000      0.14822909235954285     
   930.000000      0.15190610289573669     
   960.000000      0.15390136837959290     
   990.000000      0.15360310673713684     
   1020.00000      0.15170164406299591     
   1050.00000      0.14961452782154083     
   1080.00000      0.14854571223258972     
   1080.00000      0.13293118774890900     
   1110.00000      0.13342492282390594     
   1140.00000      0.13294163346290588     
   1170.00000      0.13206912577152252     
   1200.00000      0.13157844543457031     
   1230.00000      0.13221576809883118     
   1260.00000      0.13466618955135345     
   1290.00000      0.13731890916824341     
   1320.00000      0.13785840570926666     
   1350.00000      0.13632561266422272     
   1380.00000      0.13399602472782135     
   1410.00000      0.13248899579048157     
   1440.00000      0.13293118774890900     
