   0.00000000      0.21637664735317230     
   30.0000000      0.21698154509067535     
   60.0000000      0.21660006046295166     
   90.0000000      0.21532714366912842     
   120.000000      0.21418267488479614     
   150.000000      0.21409446001052856     
   180.000000      0.21460603177547455     
   210.000000      0.21480993926525116     
   240.000000      0.21460548043251038     
   270.000000      0.21442228555679321     
   300.000000      0.21461683511734009     
   330.000000      0.21528601646423340     
   360.000000      0.21637664735317230     
   360.000000      0.17118179798126221     
   390.000000      0.17121441662311554     
   420.000000      0.17044566571712494     
   450.000000      0.16955511271953583     
   480.000000      0.16966651380062103     
   510.000000      0.17132960259914398     
   540.000000      0.17409417033195496     
   570.000000      0.17682866752147675     
   600.000000      0.17837768793106079     
   630.000000      0.17837588489055634     
   660.000000      0.17702586948871613     
   690.000000      0.17510540783405304     
   720.000000      0.17118179798126221     
   720.000000      0.14838184416294098     
   750.000000      0.14846190810203552     
   780.000000      0.14789700508117676     
   810.000000      0.14720387756824493     
   840.000000      0.14708255231380463     
   870.000000      0.14804220199584961     
   900.000000      0.15044027566909790     
   930.000000      0.15294361114501953     
   960.000000      0.15364164113998413     
   990.000000      0.15242081880569458     
   1020.00000      0.15027558803558350     
   1050.00000      0.14863061904907227     
   1080.00000      0.14838184416294098     
   1080.00000      0.13836701214313507     
   1110.00000      0.13951830565929413     
   1140.00000      0.13940361142158508     
   1170.00000      0.13817313313484192     
   1200.00000      0.13675315678119659     
   1230.00000      0.13632957637310028     
   1260.00000      0.13778382539749146     
   1290.00000      0.13958023488521576     
   1320.00000      0.13996817171573639     
   1350.00000      0.13899102807044983     
   1380.00000      0.13760231435298920     
   1410.00000      0.13725142180919647     
   1440.00000      0.13836701214313507     
