   0.00000000      0.21749353408813477     
   30.0000000      0.21797862648963928     
   60.0000000      0.21746370196342468     
   90.0000000      0.21627783775329590     
   120.000000      0.21542720496654510     
   150.000000      0.21551164984703064     
   180.000000      0.21567162871360779     
   210.000000      0.21528336405754089     
   240.000000      0.21478423476219177     
   270.000000      0.21472559869289398     
   300.000000      0.21541704237461090     
   330.000000      0.21645975112915039     
   360.000000      0.21749353408813477     
   360.000000      0.17160576581954956     
   390.000000      0.17217107117176056     
   420.000000      0.17204968631267548     
   450.000000      0.17192326486110687     
   480.000000      0.17256623506546021     
   510.000000      0.17413240671157837     
   540.000000      0.17642231285572052     
   570.000000      0.17855189740657806     
   600.000000      0.17937766015529633     
   630.000000      0.17871600389480591     
   660.000000      0.17696522176265717     
   690.000000      0.17508362233638763     
   720.000000      0.17160576581954956     
   720.000000      0.14836336672306061     
   750.000000      0.14911846816539764     
   780.000000      0.14909994602203369     
   810.000000      0.14837728440761566     
   840.000000      0.14761948585510254     
   870.000000      0.14774772524833679     
   900.000000      0.14937585592269897     
   930.000000      0.15109550952911377     
   960.000000      0.15134157240390778     
   990.000000      0.15021574497222900     
   1020.00000      0.14860998094081879     
   1050.00000      0.14785327017307281     
   1080.00000      0.14836336672306061     
   1080.00000      0.13692206144332886     
   1110.00000      0.13798998296260834     
   1140.00000      0.13731288909912109     
   1170.00000      0.13513608276844025     
   1200.00000      0.13272251188755035     
   1230.00000      0.13161541521549225     
   1260.00000      0.13284569978713989     
   1290.00000      0.13497549295425415     
   1320.00000      0.13605703413486481     
   1350.00000      0.13588133454322815     
   1380.00000      0.13530647754669189     
   1410.00000      0.13560734689235687     
   1440.00000      0.13692206144332886     
