   0.00000000      0.21744781732559204     
   30.0000000      0.21784181892871857     
   60.0000000      0.21753616631031036     
   90.0000000      0.21627309918403625     
   120.000000      0.21453788876533508     
   150.000000      0.21308408677577972     
   180.000000      0.21252812445163727     
   210.000000      0.21280567348003387     
   240.000000      0.21381816267967224     
   270.000000      0.21503196656703949     
   300.000000      0.21596060693264008     
   330.000000      0.21678926050662994     
   360.000000      0.21744781732559204     
   360.000000      0.17353563010692596     
   390.000000      0.17440164089202881     
   420.000000      0.17394994199275970     
   450.000000      0.17256316542625427     
   480.000000      0.17108245193958282     
   510.000000      0.17038191854953766     
   540.000000      0.17100632190704346     
   570.000000      0.17248614132404327     
   600.000000      0.17390134930610657     
   630.000000      0.17490278184413910     
   660.000000      0.17547045648097992     
   690.000000      0.17595922946929932     
   720.000000      0.17353563010692596     
   720.000000      0.15350329875946045     
   750.000000      0.15300287306308746     
   780.000000      0.15126428008079529     
   810.000000      0.14846248924732208     
   840.000000      0.14604909718036652     
   870.000000      0.14544486999511719     
   900.000000      0.14734090864658356     
   930.000000      0.15044577419757843     
   960.000000      0.15279887616634369     
   990.000000      0.15395520627498627     
   1020.00000      0.15409897267818451     
   1050.00000      0.15386001765727997     
   1080.00000      0.15350329875946045     
   1080.00000      0.14257168769836426     
   1110.00000      0.14187811315059662     
   1140.00000      0.13972906768321991     
   1170.00000      0.13682794570922852     
   1200.00000      0.13494156301021576     
   1230.00000      0.13547228276729584     
   1260.00000      0.13869813084602356     
   1290.00000      0.14268019795417786     
   1320.00000      0.14516331255435944     
   1350.00000      0.14566937088966370     
   1380.00000      0.14462590217590332     
   1410.00000      0.14315645396709442     
   1440.00000      0.14257168769836426     
