   0.00000000      0.20933133363723755     
   30.0000000      0.20979636907577515     
   60.0000000      0.20958624780178070     
   90.0000000      0.20883785188198090     
   120.000000      0.20749010145664215     
   150.000000      0.20591937005519867     
   180.000000      0.20456171035766602     
   210.000000      0.20410677790641785     
   240.000000      0.20464067161083221     
   270.000000      0.20603615045547485     
   300.000000      0.20742461085319519     
   330.000000      0.20856356620788574     
   360.000000      0.20933133363723755     
   360.000000      0.17470628023147583     
   390.000000      0.17605389654636383     
   420.000000      0.17614786326885223     
   450.000000      0.17543809115886688     
   480.000000      0.17455092072486877     
   510.000000      0.17409497499465942     
   540.000000      0.17443037033081055     
   570.000000      0.17510621249675751     
   600.000000      0.17558616399765015     
   630.000000      0.17583058774471283     
   660.000000      0.17590646445751190     
   690.000000      0.17619456350803375     
   720.000000      0.17470628023147583     
   720.000000      0.16950319707393646     
   750.000000      0.16920857131481171     
   780.000000      0.16757406294345856     
   810.000000      0.16513262689113617     
   840.000000      0.16283820569515228     
   870.000000      0.16165278851985931     
   900.000000      0.16211938858032227     
   930.000000      0.16364587843418121     
   960.000000      0.16525778174400330     
   990.000000      0.16666476428508759     
   1020.00000      0.16784904897212982     
   1050.00000      0.16899800300598145     
   1080.00000      0.16950319707393646     
   1080.00000      0.16929613053798676     
   1110.00000      0.16781599819660187     
   1140.00000      0.16480198502540588     
   1170.00000      0.16096021234989166     
   1200.00000      0.15765583515167236     
   1230.00000      0.15627643465995789     
   1260.00000      0.15755282342433929     
   1290.00000      0.16054689884185791     
   1320.00000      0.16375829279422760     
   1350.00000      0.16654638946056366     
   1380.00000      0.16852803528308868     
   1410.00000      0.16954904794692993     
   1440.00000      0.16929613053798676     
