   0.00000000      0.21062059700489044     
   30.0000000      0.21133069694042206     
   60.0000000      0.21103627979755402     
   90.0000000      0.20975844562053680     
   120.000000      0.20845654606819153     
   150.000000      0.20816381275653839     
   180.000000      0.20875486731529236     
   210.000000      0.20923559367656708     
   240.000000      0.20919784903526306     
   270.000000      0.20890823006629944     
   300.000000      0.20883694291114807     
   330.000000      0.20936405658721924     
   360.000000      0.21062059700489044     
   360.000000      0.17167802155017853     
   390.000000      0.17161741852760315     
   420.000000      0.17063753306865692     
   450.000000      0.16922380030155182     
   480.000000      0.16865342855453491     
   510.000000      0.16976994276046753     
   540.000000      0.17222698032855988     
   570.000000      0.17492948472499847     
   600.000000      0.17669171094894409     
   630.000000      0.17722955346107483     
   660.000000      0.17656947672367096     
   690.000000      0.17517411708831787     
   720.000000      0.17167802155017853     
   720.000000      0.15931801497936249     
   750.000000      0.15875764191150665     
   780.000000      0.15739071369171143     
   810.000000      0.15590499341487885     
   840.000000      0.15544825792312622     
   870.000000      0.15651768445968628     
   900.000000      0.15900067985057831     
   930.000000      0.16176377236843109     
   960.000000      0.16335508227348328     
   990.000000      0.16323788464069366     
   1020.00000      0.16178607940673828     
   1050.00000      0.16007527709007263     
   1080.00000      0.15931801497936249     
   1080.00000      0.15570794045925140     
   1110.00000      0.15593931078910828     
   1140.00000      0.15505118668079376     
   1170.00000      0.15385320782661438     
   1200.00000      0.15313614904880524     
   1230.00000      0.15343809127807617     
   1260.00000      0.15517608821392059     
   1290.00000      0.15729434788227081     
   1320.00000      0.15815913677215576     
   1350.00000      0.15754593908786774     
   1380.00000      0.15619257092475891     
   1410.00000      0.15526555478572845     
   1440.00000      0.15570794045925140     
