   0.00000000      0.21881915628910065     
   30.0000000      0.21921364963054657     
   60.0000000      0.21899531781673431     
   90.0000000      0.21794475615024567     
   120.000000      0.21633711457252502     
   150.000000      0.21482345461845398     
   180.000000      0.21406714618206024     
   210.000000      0.21413818001747131     
   240.000000      0.21501600742340088     
   270.000000      0.21626602113246918     
   300.000000      0.21730524301528931     
   330.000000      0.21817182004451752     
   360.000000      0.21881915628910065     
   360.000000      0.17481441795825958     
   390.000000      0.17583119869232178     
   420.000000      0.17556309700012207     
   450.000000      0.17432630062103271     
   480.000000      0.17294186353683472     
   510.000000      0.17227506637573242     
   540.000000      0.17282484471797943     
   570.000000      0.17414987087249756     
   600.000000      0.17537766695022583     
   630.000000      0.17619325220584869     
   660.000000      0.17662656307220459     
   690.000000      0.17711871862411499     
   720.000000      0.17481441795825958     
   720.000000      0.15177848935127258     
   750.000000      0.15145480632781982     
   780.000000      0.14977695047855377     
   810.000000      0.14696322381496429     
   840.000000      0.14450490474700928     
   870.000000      0.14388869702816010     
   900.000000      0.14583528041839600     
   930.000000      0.14896234869956970     
   960.000000      0.15124103426933289     
   990.000000      0.15223757922649384     
   1020.00000      0.15224540233612061     
   1050.00000      0.15200121700763702     
   1080.00000      0.15177848935127258     
   1080.00000      0.13732722401618958     
   1110.00000      0.13690721988677979     
   1140.00000      0.13489805161952972     
   1170.00000      0.13208045065402985     
   1200.00000      0.13030841946601868     
   1230.00000      0.13089928030967712     
   1260.00000      0.13413833081722260     
   1290.00000      0.13797956705093384     
   1320.00000      0.14019294083118439     
   1350.00000      0.14031824469566345     
   1380.00000      0.13901235163211823     
   1410.00000      0.13759066164493561     
   1440.00000      0.13732722401618958     
