   0.00000000      0.21459843218326569     
   30.0000000      0.21504855155944824     
   60.0000000      0.21471415460109711     
   90.0000000      0.21335007250308990     
   120.000000      0.21148568391799927     
   150.000000      0.20998066663742065     
   180.000000      0.20942538976669312     
   210.000000      0.20978803932666779     
   240.000000      0.21087023615837097     
   270.000000      0.21207331120967865     
   300.000000      0.21299849450588226     
   330.000000      0.21386510133743286     
   360.000000      0.21459843218326569     
   360.000000      0.17262673377990723     
   390.000000      0.17365548014640808     
   420.000000      0.17339739203453064     
   450.000000      0.17224717140197754     
   480.000000      0.17094202339649200     
   510.000000      0.17026500403881073     
   540.000000      0.17075668275356293     
   570.000000      0.17198887467384338     
   600.000000      0.17315851151943207     
   630.000000      0.17397229373455048     
   660.000000      0.17440472543239594     
   690.000000      0.17486597597599030     
   720.000000      0.17262673377990723     
   720.000000      0.15819442272186279     
   750.000000      0.15804721415042877     
   780.000000      0.15677502751350403     
   810.000000      0.15445640683174133     
   840.000000      0.15226615965366364     
   870.000000      0.15141591429710388     
   900.000000      0.15264306962490082     
   930.000000      0.15500788390636444     
   960.000000      0.15686762332916260     
   990.000000      0.15786255896091461     
   1020.00000      0.15814971923828125     
   1050.00000      0.15823863446712494     
   1080.00000      0.15819442272186279     
   1080.00000      0.15210147202014923     
   1110.00000      0.15185201168060303     
   1140.00000      0.15017698705196381     
   1170.00000      0.14744509756565094     
   1200.00000      0.14520630240440369     
   1230.00000      0.14493556320667267     
   1260.00000      0.14713296294212341     
   1290.00000      0.15030540525913239     
   1320.00000      0.15251821279525757     
   1350.00000      0.15329837799072266     
   1380.00000      0.15296892821788788     
   1410.00000      0.15228670835494995     
   1440.00000      0.15210147202014923     
