   0.00000000      0.21872626245021820     
   30.0000000      0.21908445656299591     
   60.0000000      0.21888872981071472     
   90.0000000      0.21800136566162109     
   120.000000      0.21653228998184204     
   150.000000      0.21501432359218597     
   180.000000      0.21410726010799408     
   210.000000      0.21401828527450562     
   240.000000      0.21478600800037384     
   270.000000      0.21608398854732513     
   300.000000      0.21718877553939819     
   330.000000      0.21806663274765015     
   360.000000      0.21872626245021820     
   360.000000      0.17453250288963318     
   390.000000      0.17573128640651703     
   420.000000      0.17563319206237793     
   450.000000      0.17459709942340851     
   480.000000      0.17337037622928619     
   510.000000      0.17278209328651428     
   540.000000      0.17328362166881561     
   570.000000      0.17442280054092407     
   600.000000      0.17541512846946716     
   630.000000      0.17599569261074066     
   660.000000      0.17626161873340607     
   690.000000      0.17672625184059143     
   720.000000      0.17453250288963318     
   720.000000      0.15184013545513153     
   750.000000      0.15166532993316650     
   780.000000      0.15013158321380615     
   810.000000      0.14741039276123047     
   840.000000      0.14491841197013855     
   870.000000      0.14414162933826447     
   900.000000      0.14583997428417206     
   930.000000      0.14874525368213654     
   960.000000      0.15087138116359711     
   990.000000      0.15182301402091980     
   1020.00000      0.15190842747688293     
   1050.00000      0.15185685455799103     
   1080.00000      0.15184013545513153     
   1080.00000      0.13755823671817780     
   1110.00000      0.13717871904373169     
   1140.00000      0.13515546917915344     
   1170.00000      0.13221049308776855     
   1200.00000      0.13019686937332153     
   1230.00000      0.13056716322898865     
   1260.00000      0.13368883728981018     
   1290.00000      0.13753803074359894     
   1320.00000      0.13980661332607269     
   1350.00000      0.14008574187755585     
   1380.00000      0.13898473978042603     
   1410.00000      0.13773687183856964     
   1440.00000      0.13755823671817780     
