   0.00000000      0.21746620535850525     
   30.0000000      0.21803089976310730     
   60.0000000      0.21770645678043365     
   90.0000000      0.21647723019123077     
   120.000000      0.21526628732681274     
   150.000000      0.21506562829017639     
   180.000000      0.21560774743556976     
   210.000000      0.21602633595466614     
   240.000000      0.21607062220573425     
   270.000000      0.21595552563667297     
   300.000000      0.21600849926471710     
   330.000000      0.21644648909568787     
   360.000000      0.21746620535850525     
   360.000000      0.17273223400115967     
   390.000000      0.17260231077671051     
   420.000000      0.17170642316341400     
   450.000000      0.17069061100482941     
   480.000000      0.17073251307010651     
   510.000000      0.17243880033493042     
   540.000000      0.17537750303745270     
   570.000000      0.17831099033355713     
   600.000000      0.18004134297370911     
   630.000000      0.18013088405132294     
   660.000000      0.17876712977886200     
   690.000000      0.17673484981060028     
   720.000000      0.17273223400115967     
   720.000000      0.14743705093860626     
   750.000000      0.14755450189113617     
   780.000000      0.14706316590309143     
   810.000000      0.14641666412353516     
   840.000000      0.14633174240589142     
   870.000000      0.14733946323394775     
   900.000000      0.14981800317764282     
   930.000000      0.15237040817737579     
   960.000000      0.15300497412681580     
   990.000000      0.15165400505065918     
   1020.00000      0.14938932657241821     
   1050.00000      0.14767418801784515     
   1080.00000      0.14743705093860626     
   1080.00000      0.13500440120697021     
   1110.00000      0.13630367815494537     
   1140.00000      0.13618360459804535     
   1170.00000      0.13481087982654572     
   1200.00000      0.13316270709037781     
   1230.00000      0.13258787989616394     
   1260.00000      0.13399459421634674     
   1290.00000      0.13582757115364075     
   1320.00000      0.13626179099082947     
   1350.00000      0.13530041277408600     
   1380.00000      0.13394455611705780     
   1410.00000      0.13374415040016174     
   1440.00000      0.13500440120697021     
