   0.00000000      0.21429450809955597     
   30.0000000      0.21493610739707947     
   60.0000000      0.21456663310527802     
   90.0000000      0.21331766247749329     
   120.000000      0.21220976114273071     
   150.000000      0.21210956573486328     
   180.000000      0.21260336041450500     
   210.000000      0.21273933351039886     
   240.000000      0.21242903172969818     
   270.000000      0.21218502521514893     
   300.000000      0.21238698065280914     
   330.000000      0.21313878893852234     
   360.000000      0.21429450809955597     
   360.000000      0.16995695233345032     
   390.000000      0.16992387175559998     
   420.000000      0.16907791793346405     
   450.000000      0.16813419759273529     
   480.000000      0.16822703182697296     
   510.000000      0.16991531848907471     
   540.000000      0.17271690070629120     
   570.000000      0.17544133961200714     
   600.000000      0.17703679203987122     
   630.000000      0.17710936069488525     
   660.000000      0.17586253583431244     
   690.000000      0.17393539845943451     
   720.000000      0.16995695233345032     
   720.000000      0.15087877213954926     
   750.000000      0.15063458681106567     
   780.000000      0.14984449744224548     
   810.000000      0.14916008710861206     
   840.000000      0.14935328066349030     
   870.000000      0.15074908733367920     
   900.000000      0.15344020724296570     
   930.000000      0.15615281462669373     
   960.000000      0.15708123147487640     
   990.000000      0.15592870116233826     
   1020.00000      0.15361230075359344     
   1050.00000      0.15154865384101868     
   1080.00000      0.15087877213954926     
   1080.00000      0.14352308213710785     
   1110.00000      0.14437322318553925     
   1140.00000      0.14441110193729401     
   1170.00000      0.14384694397449493     
   1200.00000      0.14336206018924713     
   1230.00000      0.14371718466281891     
   1260.00000      0.14551711082458496     
   1290.00000      0.14729514718055725     
   1320.00000      0.14739091694355011     
   1350.00000      0.14594174921512604     
   1380.00000      0.14392428100109100     
   1410.00000      0.14286628365516663     
   1440.00000      0.14352308213710785     
