   0.00000000       90.049946150457970     
   30.0000000       93.272160137313492     
   60.0000000       94.161960717601048     
   90.0000000       93.183982510946748     
   120.000000       91.785885619250720     
   150.000000       91.228740531226180     
   180.000000       91.446583914173303     
   210.000000       90.997044688979898     
   240.000000       88.919951849027044     
   270.000000       86.023064259571910     
   300.000000       84.435969534537563     
   330.000000       85.850443623063384     
   360.000000       90.049946150457970     
   360.000000       22.708016920817109     
   390.000000       27.797004487899613     
   420.000000       30.562360685542686     
   450.000000       31.111153401381589     
   480.000000       30.301200834171201     
   510.000000       29.171064486024193     
   540.000000       28.098877868802635     
   570.000000       26.504732494895535     
   600.000000       23.841870845773762     
   630.000000       21.267188404953284     
   660.000000       20.435156458399355     
   690.000000       22.229368691068611     
   720.000000       22.708016920817109     
   720.000000       19.256375360661490     
   750.000000       22.605418156765932     
   780.000000       23.542038516422277     
   810.000000       22.232414631373736     
   840.000000       19.989646883378771     
   870.000000       18.186927050610390     
   900.000000       17.343739934709149     
   930.000000       16.228742062772550     
   960.000000       14.111555118401077     
   990.000000       12.464996947090796     
   1020.00000       12.752640672411170     
   1050.00000       15.528869097521891     
   1080.00000       19.256375360661490     
   1080.00000       20.931045976916621     
   1110.00000       24.118318830007016     
   1140.00000       24.090955219100312     
   1170.00000       21.392778112796350     
   1200.00000       17.920399635339972     
   1230.00000       15.420088155428051     
   1260.00000       14.565101410776103     
   1290.00000       13.992450292336230     
   1320.00000       12.890988116897894     
   1350.00000       12.437579735815030     
   1380.00000       13.645239833197374     
   1410.00000       16.894862269326197     
   1440.00000       20.931045976916621     
