   0.00000000       64.369599776427179     
   15.0000000       66.445296525401062     
   30.0000000       68.167904977990901     
   45.0000000       69.561124715100235     
   60.0000000       70.419415951712267     
   75.0000000       70.677721451804132     
   90.0000000       70.372989724997865     
   105.000000       69.619764933746850     
   120.000000       68.544943464128281     
   135.000000       67.299968629566010     
   150.000000       66.018600125301830     
   165.000000       64.946384906184136     
   180.000000       63.909145082322198     
   195.000000       62.893402055750983     
   210.000000       61.880712420845427     
   225.000000       60.830715881693955     
   240.000000       59.768769177626176     
   255.000000       58.761139224728097     
   270.000000       57.953523551953836     
   285.000000       57.536270366117506     
   300.000000       57.678510749045927     
   315.000000       58.439954699933210     
   330.000000       59.939030913211589     
   345.000000       62.054730249608376     
   360.000000       64.369599776427179     
