   0.00000000       68.832695499993392     
   30.0000000       71.267595480601472     
   60.0000000       71.578776116193225     
   90.0000000       70.334226840456225     
   120.000000       68.932173364315858     
   150.000000       68.429288108974845     
   180.000000       68.866692712922685     
   210.000000       69.024658604922436     
   240.000000       67.781793356668842     
   270.000000       65.560220874586506     
   300.000000       64.095338726246666     
   330.000000       65.112360106253433     
   360.000000       68.832695499993392     
   360.000000       28.893957569268757     
   390.000000       32.531977558999934     
   420.000000       34.358866381888696     
   450.000000       34.482903601709218     
   480.000000       33.582584620499347     
   510.000000       32.401967372641153     
   540.000000       31.340822370173179     
   570.000000       29.977990212938053     
   600.000000       28.262453415254388     
   630.000000       26.728562675116500     
   660.000000       26.505858929168877     
   690.000000       28.015930779923600     
   720.000000       28.893957569268757     
   720.000000       27.593329385478160     
   750.000000       30.078498883047533     
   780.000000       31.121826224694093     
   810.000000       30.536067456137737     
   840.000000       28.974312924996859     
   870.000000       27.259091253519216     
   900.000000       25.620553472569604     
   930.000000       23.964830435166771     
   960.000000       22.248426211045413     
   990.000000       21.395773642268900     
   1020.00000       22.180670753703247     
   1050.00000       24.766595841868295     
   1080.00000       27.593329385478160     
   1080.00000       29.608900081128045     
   1110.00000       32.067238320508281     
   1140.00000       32.534854016435190     
   1170.00000       31.028089561704547     
   1200.00000       28.524612344995752     
   1230.00000       25.961825714854843     
   1260.00000       23.985759484339674     
   1290.00000       22.513683712555316     
   1320.00000       21.587888124770640     
   1350.00000       21.737541197739198     
   1380.00000       23.518468448896151     
   1410.00000       26.696826543190003     
   1440.00000       29.608900081128045     
