   0.00000000       69.775228912594216     
   30.0000000       73.475183958432396     
   60.0000000       75.089079104715097     
   90.0000000       74.508595207465717     
   120.000000       72.590456512070176     
   150.000000       70.530367877247585     
   180.000000       68.911462807856353     
   210.000000       67.026080454015059     
   240.000000       64.607937265567060     
   270.000000       62.447300315252733     
   300.000000       62.327029608021043     
   330.000000       65.191448090912786     
   360.000000       69.775228912594216     
   360.000000       21.724395658762838     
   390.000000       25.946729022242025     
   420.000000       27.910041292442141     
   450.000000       27.450892633507600     
   480.000000       25.424222701222604     
   510.000000       23.099077060541884     
   540.000000       21.164738947548098     
   570.000000       19.421889162798859     
   600.000000       17.803146498271456     
   630.000000       17.150973278601477     
   660.000000       18.181296142593492     
   690.000000       20.991172536718434     
   720.000000       21.724395658762838     
   720.000000       18.650568380956877     
   750.000000       20.872000407721089     
   780.000000       20.598264905098418     
   810.000000       18.193009590743458     
   840.000000       15.154289892525458     
   870.000000       12.917322415527037     
   900.000000       12.043579935732760     
   930.000000       11.787030262893579     
   960.000000       11.618747022873510     
   990.000000       11.960411568428766     
   1020.00000       13.298272700370866     
   1050.00000       15.848101558995701     
   1080.00000       18.650568380956877     
   1080.00000       18.437417299004185     
   1110.00000       20.058276834506177     
   1140.00000       18.835616528719253     
   1170.00000       15.595449612472610     
   1200.00000       12.306666443645710     
   1230.00000       10.500747276801533     
   1260.00000       10.844104918137727     
   1290.00000       12.105466366385581     
   1320.00000       12.955873898020917     
   1350.00000       13.432764035109162     
   1380.00000       14.137257556011003     
   1410.00000       15.837322597584860     
   1440.00000       18.437417299004185     
