   0.00000000       70.523444763455529     
   30.0000000       74.749604475702967     
   60.0000000       76.580480606304945     
   90.0000000       75.491353611402076     
   120.000000       72.493143872471876     
   150.000000       69.276045227815132     
   180.000000       66.411599764549379     
   210.000000       63.991398683086082     
   240.000000       61.603365610708735     
   270.000000       60.223321915231438     
   300.000000       61.440974112675093     
   330.000000       65.628881324835021     
   360.000000       70.523444763455529     
   360.000000       22.191843961763819     
   390.000000       25.998067188335412     
   420.000000       27.107554366955476     
   450.000000       25.653487654376942     
   480.000000       22.750750143121227     
   510.000000       19.831226828642617     
   540.000000       17.884890795920256     
   570.000000       16.846852412077286     
   600.000000       16.438368475830412     
   630.000000       17.073779247342934     
   660.000000       18.888505851428121     
   690.000000       21.795758486492918     
   720.000000       22.191843961763819     
   720.000000       17.409437939217867     
   750.000000       18.741490497513848     
   780.000000       17.532473502324073     
   810.000000       14.602277382107598     
   840.000000       11.677145852766596     
   870.000000       10.130219872260064     
   900.000000       10.501160206657998     
   930.000000       11.778825505560228     
   960.000000       12.648692033829581     
   990.000000       13.116886236028492     
   1020.00000       13.732170925842139     
   1050.00000       15.191879367161359     
   1080.00000       17.409437939217867     
   1080.00000       14.758987698042466     
   1110.00000       15.756434088996373     
   1140.00000       14.413187451051334     
   1170.00000       11.946303515447010     
   1200.00000       10.117606109865438     
   1230.00000       10.073403794374522     
   1260.00000       11.796217307096219     
   1290.00000       13.565411117726033     
   1320.00000       13.773854767718904     
   1350.00000       12.832455197863538     
   1380.00000       12.058435238129981     
   1410.00000       12.549088409741117     
   1440.00000       14.758987698042466     
