   0.00000000       74.341570063585309     
   30.0000000       78.714831188374831     
   60.0000000       79.749675503114332     
   90.0000000       77.448980527162249     
   120.000000       72.710449951619566     
   150.000000       67.860727774110444     
   180.000000       64.192516716071452     
   210.000000       61.745918825144550     
   240.000000       60.568919586708432     
   270.000000       61.149618016935975     
   300.000000       64.132535285476223     
   330.000000       69.535085349834247     
   360.000000       74.341570063585309     
   360.000000       23.935942932985046     
   390.000000       27.323176517334378     
   420.000000       28.076857721426403     
   450.000000       26.250987951454118     
   480.000000       23.107013029431410     
   510.000000       20.191401933453612     
   540.000000       18.489974875050191     
   570.000000       18.038064317670017     
   600.000000       18.505855374698115     
   630.000000       19.657963756876210     
   660.000000       21.470411766201845     
   690.000000       24.062029562427703     
   720.000000       23.935942932985046     
   720.000000       18.888213681770168     
   750.000000       20.243629716704419     
   780.000000       19.093932673690311     
   810.000000       16.168984462017022     
   840.000000       13.185138245174711     
   870.000000       11.557689063832793     
   900.000000       12.066286148115942     
   930.000000       13.478056199728730     
   960.000000       14.518472660433554     
   990.000000       14.990512372006192     
   1020.00000       15.465471295625949     
   1050.00000       16.781193896872395     
   1080.00000       18.888213681770168     
   1080.00000       17.124196604972131     
   1110.00000       18.303075523660578     
   1140.00000       17.005554765654853     
   1170.00000       14.272650827619316     
   1200.00000       12.035523987447371     
   1230.00000       11.686275092666875     
   1260.00000       13.342526949426066     
   1290.00000       15.292574317202769     
   1320.00000       15.812502950731552     
   1350.00000       15.068820565319065     
   1380.00000       14.298022547311918     
   1410.00000       14.794915556355789     
   1440.00000       17.124196604972131     
