   0.00000000       74.168098466220286     
   30.0000000       75.178826946702927     
   60.0000000       72.914171147934780     
   90.0000000       68.384330676097079     
   120.000000       64.140101619559360     
   150.000000       62.105843061125142     
   180.000000       63.048791368372001     
   210.000000       65.648553959070540     
   240.000000       68.018180027985451     
   270.000000       69.424454338595737     
   300.000000       70.096717651359896     
   330.000000       71.238704705509633     
   360.000000       74.168098466220286     
   360.000000       18.925675062146375     
   390.000000       21.901390032705834     
   420.000000       22.877583673538215     
   450.000000       22.399575757732006     
   480.000000       21.672060218769829     
   510.000000       21.641533103168133     
   540.000000       22.423914506413542     
   570.000000       22.894093538657945     
   600.000000       22.163940467520206     
   630.000000       20.534523427566270     
   660.000000       19.233839333559235     
   690.000000       19.392341947790026     
   720.000000       18.925675062146375     
   720.000000       14.441544532511154     
   750.000000       16.719717091367620     
   780.000000       17.337987075827375     
   810.000000       16.530426128585603     
   840.000000       15.373665073926759     
   870.000000       14.753390478040540     
   900.000000       14.961573272561260     
   930.000000       14.567943411871704     
   960.000000       12.833529181478777     
   990.000000       10.823861603913453     
   1020.00000       10.147486421282055     
   1050.00000       11.618730260638392     
   1080.00000       14.441544532511154     
   1080.00000       15.400851428979044     
   1110.00000       18.016294326222198     
   1140.00000       18.194587822615340     
   1170.00000       16.278288514071924     
   1200.00000       13.889705140580180     
   1230.00000       12.271150753987708     
   1260.00000       11.784331722487631     
   1290.00000       11.152195663303296     
   1320.00000       9.7988349412195923     
   1350.00000       8.9226580779531268     
   1380.00000       9.6357252018115211     
   1410.00000       12.177070222530942     
   1440.00000       15.400851428979044     
