   0.00000000      0.20992308855056763     
   15.0000000      0.21061126887798309     
   30.0000000      0.21103855967521667     
   45.0000000      0.21118508279323578     
   60.0000000      0.21099607646465302     
   75.0000000      0.21043731272220612     
   90.0000000      0.20962525904178619     
   105.000000      0.20876948535442352     
   120.000000      0.20808756351470947     
   135.000000      0.20772930979728699     
   150.000000      0.20772108435630798     
   165.000000      0.20804181694984436     
   180.000000      0.20838737487792969     
   195.000000      0.20856747031211853     
   210.000000      0.20851832628250122     
   225.000000      0.20825892686843872     
   240.000000      0.20788405835628510     
   255.000000      0.20751208066940308     
   270.000000      0.20724737644195557     
   285.000000      0.20716814696788788     
   300.000000      0.20731602609157562     
   315.000000      0.20766615867614746     
   330.000000      0.20825354754924774     
   345.000000      0.20905797183513641     
   360.000000      0.20992308855056763     
