   0.00000000      0.21435473859310150     
   15.0000000      0.21479208767414093     
   30.0000000      0.21503995358943939     
   45.0000000      0.21502791345119476     
   60.0000000      0.21479041874408722     
   75.0000000      0.21442058682441711     
   90.0000000      0.21406547725200653     
   105.000000      0.21369107067584991     
   120.000000      0.21329398453235626     
   135.000000      0.21287885308265686     
   150.000000      0.21243979036808014     
   165.000000      0.21186059713363647     
   180.000000      0.21123012900352478     
   195.000000      0.21058335900306702     
   210.000000      0.21002599596977234     
   225.000000      0.20972293615341187     
   240.000000      0.20970465242862701     
   255.000000      0.20994910597801208     
   270.000000      0.21046526730060577     
   285.000000      0.21118380129337311     
   300.000000      0.21193934977054596     
   315.000000      0.21261794865131378     
   330.000000      0.21330145001411438     
   345.000000      0.21387831866741180     
   360.000000      0.21435473859310150     
