   0.00000000      0.21094121038913727     
   15.0000000      0.21150209009647369     
   30.0000000      0.21195110678672791     
   45.0000000      0.21219767630100250     
   60.0000000      0.21207958459854126     
   75.0000000      0.21161018311977386     
   90.0000000      0.21084515750408173     
   105.000000      0.20990389585494995     
   120.000000      0.20898370444774628     
   135.000000      0.20829223096370697     
   150.000000      0.20797844231128693     
   165.000000      0.20808427035808563     
   180.000000      0.20851449668407440     
   195.000000      0.20909863710403442     
   210.000000      0.20967850089073181     
   225.000000      0.21013878285884857     
   240.000000      0.21044121682643890     
   255.000000      0.21056537330150604     
   270.000000      0.21050898730754852     
   285.000000      0.21034470200538635     
   300.000000      0.21017609536647797     
   315.000000      0.21007809042930603     
   330.000000      0.21012362837791443     
   345.000000      0.21037343144416809     
   360.000000      0.21094121038913727     
