   0.00000000      0.20905990898609161     
   15.0000000      0.20953257381916046     
   30.0000000      0.20991002023220062     
   45.0000000      0.21009057760238647     
   60.0000000      0.21002030372619629     
   75.0000000      0.20970334112644196     
   90.0000000      0.20914714038372040     
   105.000000      0.20829564332962036     
   120.000000      0.20730319619178772     
   135.000000      0.20619383454322815     
   150.000000      0.20519843697547913     
   165.000000      0.20432117581367493     
   180.000000      0.20370370149612427     
   195.000000      0.20345777273178101     
   210.000000      0.20345117151737213     
   225.000000      0.20368354022502899     
   240.000000      0.20415399968624115     
   255.000000      0.20489886403083801     
   270.000000      0.20570299029350281     
   285.000000      0.20645016431808472     
   300.000000      0.20712512731552124     
   315.000000      0.20764738321304321     
   330.000000      0.20818309485912323     
   345.000000      0.20864613354206085     
   360.000000      0.20905990898609161     
