   0.00000000      0.20986774563789368     
   15.0000000      0.21051014959812164     
   30.0000000      0.21090532839298248     
   45.0000000      0.21105612814426422     
   60.0000000      0.21083593368530273     
   75.0000000      0.21025621891021729     
   90.0000000      0.20945778489112854     
   105.000000      0.20865911245346069     
   120.000000      0.20805670320987701     
   135.000000      0.20776538550853729     
   150.000000      0.20777060091495514     
   165.000000      0.20803892612457275     
   180.000000      0.20825694501399994     
   195.000000      0.20827078819274902     
   210.000000      0.20805503427982330     
   225.000000      0.20767048001289368     
   240.000000      0.20724086463451385     
   255.000000      0.20687717199325562     
   270.000000      0.20668113231658936     
   285.000000      0.20671936869621277     
   300.000000      0.20700635015964508     
   315.000000      0.20746649801731110     
   330.000000      0.20815905928611755     
   345.000000      0.20902974903583527     
   360.000000      0.20986774563789368     
