   0.00000000      0.19954292476177216     
   15.0000000      0.20063202083110809     
   30.0000000      0.20152837038040161     
   45.0000000      0.20207411050796509     
   60.0000000      0.20212520658969879     
   75.0000000      0.20170114934444427     
   90.0000000      0.20095323026180267     
   105.000000      0.20007768273353577     
   120.000000      0.19925074279308319     
   135.000000      0.19857783615589142     
   150.000000      0.19812408089637756     
   165.000000      0.19790297746658325     
   180.000000      0.19764246046543121     
   195.000000      0.19728597998619080     
   210.000000      0.19686730206012726     
   225.000000      0.19643144309520721     
   240.000000      0.19603410363197327     
   255.000000      0.19571523368358612     
   270.000000      0.19551898539066315     
   285.000000      0.19552265107631683     
   300.000000      0.19578395783901215     
   315.000000      0.19624933600425720     
   330.000000      0.19711156189441681     
   345.000000      0.19832086563110352     
   360.000000      0.19954292476177216     
