   0.00000000      0.19021180272102356     
   15.0000000      0.19021002948284149     
   30.0000000      0.19021049141883850     
   45.0000000      0.19021299481391907     
   60.0000000      0.19021679461002350     
   75.0000000      0.19022069871425629     
   90.0000000      0.19022382795810699     
   105.000000      0.19022554159164429     
   120.000000      0.19022564589977264     
   135.000000      0.19022408127784729     
   150.000000      0.19022125005722046     
   165.000000      0.19021773338317871     
   180.000000      0.19021457433700562     
   195.000000      0.19021280109882355     
   210.000000      0.19021305441856384     
   225.000000      0.19021522998809814     
   240.000000      0.19021846354007721     
   255.000000      0.19022171199321747     
   270.000000      0.19022414088249207     
   285.000000      0.19022509455680847     
   300.000000      0.19022446870803833     
   315.000000      0.19022232294082642     
   330.000000      0.19021895527839661     
   345.000000      0.19021514058113098     
   360.000000      0.19021180272102356     
