   0.00000000      0.20430466532707214     
   15.0000000      0.20484188199043274     
   30.0000000      0.20529016852378845     
   45.0000000      0.20555311441421509     
   60.0000000      0.20559874176979065     
   75.0000000      0.20529873669147491     
   90.0000000      0.20462408661842346     
   105.000000      0.20372912287712097     
   120.000000      0.20283043384552002     
   135.000000      0.20207493007183075     
   150.000000      0.20159171521663666     
   165.000000      0.20144157111644745     
   180.000000      0.20161081850528717     
   195.000000      0.20199510455131531     
   210.000000      0.20252472162246704     
   225.000000      0.20309033989906311     
   240.000000      0.20359733700752258     
   255.000000      0.20386400818824768     
   270.000000      0.20396998524665833     
   285.000000      0.20396474003791809     
   300.000000      0.20386645197868347     
   315.000000      0.20374713838100433     
   330.000000      0.20369520783424377     
   345.000000      0.20379205048084259     
   360.000000      0.20430466532707214     
