   0.00000000      0.19626033306121826     
   15.0000000      0.19697791337966919     
   30.0000000      0.19733704626560211     
   45.0000000      0.19736053049564362     
   60.0000000      0.19700263440608978     
   75.0000000      0.19635666906833649     
   90.0000000      0.19538904726505280     
   105.000000      0.19431699812412262     
   120.000000      0.19334129989147186     
   135.000000      0.19245582818984985     
   150.000000      0.19176954030990601     
   165.000000      0.19130644202232361     
   180.000000      0.19101549685001373     
   195.000000      0.19093625247478485     
   210.000000      0.19099326431751251     
   225.000000      0.19108383357524872     
   240.000000      0.19120861589908600     
   255.000000      0.19133849442005157     
   270.000000      0.19165052473545074     
   285.000000      0.19209291040897369     
   300.000000      0.19267153739929199     
   315.000000      0.19347251951694489     
   330.000000      0.19435134530067444     
   345.000000      0.19538629055023193     
   360.000000      0.19626033306121826     
