   0.00000000      0.19869746267795563     
   15.0000000      0.19978089630603790     
   30.0000000      0.20061582326889038     
   45.0000000      0.20098751783370972     
   60.0000000      0.20085667073726654     
   75.0000000      0.20032826066017151     
   90.0000000      0.19955427944660187     
   105.000000      0.19864746928215027     
   120.000000      0.19771920144557953     
   135.000000      0.19689558446407318     
   150.000000      0.19627976417541504     
   165.000000      0.19568742811679840     
   180.000000      0.19514228403568268     
   195.000000      0.19467951357364655     
   210.000000      0.19425752758979797     
   225.000000      0.19390650093555450     
   240.000000      0.19369511306285858     
   255.000000      0.19362320005893707     
   270.000000      0.19371482729911804     
   285.000000      0.19402310252189636     
   300.000000      0.19457663595676422     
   315.000000      0.19529582560062408     
   330.000000      0.19637082517147064     
   345.000000      0.19761414825916290     
   360.000000      0.19869746267795563     
