   0.00000000      0.21463824808597565     
   15.0000000      0.21507629752159119     
   30.0000000      0.21539147198200226     
   45.0000000      0.21549655497074127     
   60.0000000      0.21534733474254608     
   75.0000000      0.21485841274261475     
   90.0000000      0.21406400203704834     
   105.000000      0.21310089528560638     
   120.000000      0.21196082234382629     
   135.000000      0.21092513203620911     
   150.000000      0.21001534163951874     
   165.000000      0.20936077833175659     
   180.000000      0.20907714962959290     
   195.000000      0.20909129083156586     
   210.000000      0.20934461057186127     
   225.000000      0.20982319116592407     
   240.000000      0.21049085259437561     
   255.000000      0.21120476722717285     
   270.000000      0.21188463270664215     
   285.000000      0.21250686049461365     
   300.000000      0.21294289827346802     
   315.000000      0.21337263286113739     
   330.000000      0.21381914615631104     
   345.000000      0.21420121192932129     
   360.000000      0.21463824808597565     
