   0.00000000      0.19799301028251648     
   15.0000000      0.19899931550025940     
   30.0000000      0.19967965781688690     
   45.0000000      0.19987489283084869     
   60.0000000      0.19962219893932343     
   75.0000000      0.19906422495841980     
   90.0000000      0.19826838374137878     
   105.000000      0.19726985692977905     
   120.000000      0.19624023139476776     
   135.000000      0.19534835219383240     
   150.000000      0.19457386434078217     
   165.000000      0.19389943778514862     
   180.000000      0.19340509176254272     
   195.000000      0.19299401342868805     
   210.000000      0.19271212816238403     
   225.000000      0.19258587062358856     
   240.000000      0.19258055090904236     
   255.000000      0.19264921545982361     
   270.000000      0.19286653399467468     
   285.000000      0.19329304993152618     
   300.000000      0.19389516115188599     
   315.000000      0.19470465183258057     
   330.000000      0.19578796625137329     
   345.000000      0.19693344831466675     
   360.000000      0.19799301028251648     
