   0.00000000      0.21015572547912598     
   15.0000000      0.21086756885051727     
   30.0000000      0.21136017143726349     
   45.0000000      0.21154889464378357     
   60.0000000      0.21138785779476166     
   75.0000000      0.21087063848972321     
   90.0000000      0.21006432175636292     
   105.000000      0.20914550125598907     
   120.000000      0.20833829045295715     
   135.000000      0.20783811807632446     
   150.000000      0.20774078369140625     
   165.000000      0.20802859961986542     
   180.000000      0.20849855244159698     
   195.000000      0.20894271135330200     
   210.000000      0.20921033620834351     
   225.000000      0.20926454663276672     
   240.000000      0.20911838114261627     
   255.000000      0.20885021984577179     
   270.000000      0.20855605602264404     
   285.000000      0.20833551883697510     
   300.000000      0.20826026797294617     
   315.000000      0.20837463438510895     
   330.000000      0.20872159302234650     
   345.000000      0.20932525396347046     
   360.000000      0.21015572547912598     
