   0.00000000      0.20982740819454193     
   15.0000000      0.21040663123130798     
   30.0000000      0.21080678701400757     
   45.0000000      0.21093183755874634     
   60.0000000      0.21067926287651062     
   75.0000000      0.21008889377117157     
   90.0000000      0.20932352542877197     
   105.000000      0.20859661698341370     
   120.000000      0.20807455480098724     
   135.000000      0.20783099532127380     
   150.000000      0.20782275497913361     
   165.000000      0.20800386369228363     
   180.000000      0.20805956423282623     
   195.000000      0.20790053904056549     
   210.000000      0.20753866434097290     
   225.000000      0.20707271993160248     
   240.000000      0.20662346482276917     
   255.000000      0.20629294216632843     
   270.000000      0.20617905259132385     
   285.000000      0.20635442435741425     
   300.000000      0.20680586993694305     
   315.000000      0.20735628902912140     
   330.000000      0.20813526213169098     
   345.000000      0.20904220640659332     
   360.000000      0.20982740819454193     
