   0.00000000      0.20932422578334808     
   15.0000000      0.20972475409507751     
   30.0000000      0.21006320416927338     
   45.0000000      0.21021425724029541     
   60.0000000      0.21013732254505157     
   75.0000000      0.20984804630279541     
   90.0000000      0.20942597091197968     
   105.000000      0.20880314707756042     
   120.000000      0.20799724757671356     
   135.000000      0.20711170136928558     
   150.000000      0.20615683495998383     
   165.000000      0.20530232787132263     
   180.000000      0.20452164113521576     
   195.000000      0.20399646461009979     
   210.000000      0.20379438996315002     
   225.000000      0.20384857058525085     
   240.000000      0.20410537719726563     
   255.000000      0.20467683672904968     
   270.000000      0.20548078417778015     
   285.000000      0.20628722012042999     
   300.000000      0.20705819129943848     
   315.000000      0.20773251354694366     
   330.000000      0.20831179618835449     
   345.000000      0.20888476073741913     
   360.000000      0.20932422578334808     
