   0.00000000      0.21413664519786835     
   15.0000000      0.21449790894985199     
   30.0000000      0.21473443508148193     
   45.0000000      0.21472617983818054     
   60.0000000      0.21439900994300842     
   75.0000000      0.21381095051765442     
   90.0000000      0.21302337944507599     
   105.000000      0.21197131276130676     
   120.000000      0.21092513203620911     
   135.000000      0.20998741686344147     
   150.000000      0.20925936102867126     
   165.000000      0.20886602997779846     
   180.000000      0.20882576704025269     
   195.000000      0.20908819139003754     
   210.000000      0.20957332849502563     
   225.000000      0.21018798649311066     
   240.000000      0.21083316206932068     
   255.000000      0.21153359115123749     
   270.000000      0.21214546263217926     
   285.000000      0.21254089474678040     
   300.000000      0.21288782358169556     
   315.000000      0.21319741010665894     
   330.000000      0.21349376440048218     
   345.000000      0.21378353238105774     
   360.000000      0.21413664519786835     
